# Version 1.00
#
freq[Hz];re:Trc1_S11;im:Trc1_S11;re:Trc2_S21;im:Trc2_S21;
2.400000000000000E+009;1.733002513647080E-001;4.970277845859528E-002;4.325895570218563E-003;-1.744523411616683E-003;
2.400166666666667E+009;1.737564504146576E-001;4.925235360860825E-002;4.536285065114498E-003;-2.134544076398015E-003;
2.400333333333334E+009;1.740218400955200E-001;4.833973199129105E-002;4.444953985512257E-003;-2.275726059451699E-003;
2.400500000000000E+009;1.744918227195740E-001;4.766107350587845E-002;4.249864723533392E-003;-2.370206173509359E-003;
2.400666666666667E+009;1.747916936874390E-001;4.674953594803810E-002;4.265054594725370E-003;-2.745795994997025E-003;
2.400833333333334E+009;1.747959107160568E-001;4.648438841104507E-002;3.953895997256041E-003;-3.052309853956103E-003;
2.401000000000000E+009;1.750351935625076E-001;4.579052329063416E-002;3.789192996919155E-003;-3.174847224727273E-003;
2.401166666666667E+009;1.753098666667938E-001;4.499461129307747E-002;3.582711098715663E-003;-3.419028827920556E-003;
2.401333333333334E+009;1.752782613039017E-001;4.433619603514671E-002;3.552962327376008E-003;-3.508931258693337E-003;
2.401500000000000E+009;1.752656400203705E-001;4.362220317125320E-002;3.285120707005262E-003;-3.680348163470626E-003;
2.401666666666667E+009;1.752486377954483E-001;4.304324463009834E-002;3.041750751435757E-003;-3.650612896308303E-003;
2.401833333333334E+009;1.751238256692886E-001;4.208471998572350E-002;2.785486169159412E-003;-3.778661135584116E-003;
2.402000000000000E+009;1.747925430536270E-001;4.133304208517075E-002;2.527087926864624E-003;-3.997031133621931E-003;
2.402166666666667E+009;1.747290343046188E-001;4.026356339454651E-002;2.421251032501459E-003;-4.075673408806324E-003;
2.402333333333334E+009;1.745059639215469E-001;3.923929482698441E-002;2.141129923984408E-003;-4.133778158575296E-003;
2.402500000000000E+009;1.744659543037415E-001;3.834332898259163E-002;1.980830682441592E-003;-4.168765153735876E-003;
2.402666666666667E+009;1.741188764572144E-001;3.729068487882614E-002;1.839220989495516E-003;-4.165637772530317E-003;
2.402833333333334E+009;1.736731678247452E-001;3.581647574901581E-002;1.365732750855386E-003;-4.004604183137417E-003;
2.403000000000000E+009;1.734786480665207E-001;3.458050265908241E-002;1.148138311691582E-003;-4.087415058165789E-003;
2.403166666666667E+009;1.733036637306213E-001;3.323220461606979E-002;1.151370117440820E-003;-4.083039239048958E-003;
2.403333333333334E+009;1.728558093309403E-001;3.187456354498863E-002;8.890291210263968E-004;-3.875396447256208E-003;
2.403500000000000E+009;1.724484562873840E-001;3.008543327450752E-002;6.009289063513279E-004;-3.984186332672834E-003;
2.403666666666667E+009;1.719240546226502E-001;2.850318700075150E-002;5.433671176433563E-004;-3.796478267759085E-003;
2.403833333333334E+009;1.718582659959793E-001;2.681315876543522E-002;2.975006937049329E-004;-3.838324453681707E-003;
2.404000000000000E+009;1.714206933975220E-001;2.511685900390148E-002;2.525904856156558E-004;-3.712285310029984E-003;
2.404166666666667E+009;1.710476726293564E-001;2.307066880166531E-002;-1.454488392482745E-005;-3.724895883351564E-003;
2.404333333333334E+009;1.706712096929550E-001;2.126645110547543E-002;5.233605043031275E-005;-3.464696696028113E-003;
2.404500000000000E+009;1.703506559133530E-001;1.914600096642971E-002;-6.458802545239450E-006;-3.468317911028862E-003;
2.404666666666667E+009;1.701528578996658E-001;1.734302006661892E-002;-6.175738963065669E-005;-3.319533076137304E-003;
2.404833333333334E+009;1.701719164848328E-001;1.534150168299675E-002;-1.559237134642899E-004;-3.232863033190370E-003;
2.405000000000000E+009;1.699484884738922E-001;1.333241071552038E-002;-1.694572711130604E-004;-3.104313043877482E-003;
2.405166666666667E+009;1.697095036506653E-001;1.113034505397081E-002;-1.638968533370644E-004;-3.044438781216741E-003;
2.405333333333334E+009;1.699645668268204E-001;9.158047847449780E-003;-1.342107425443828E-004;-2.808810211718082E-003;
2.405500000000000E+009;1.699626296758652E-001;7.046826183795929E-003;-2.954792289528996E-004;-2.878956962376833E-003;
2.405666666666667E+009;1.701673269271851E-001;5.189784336835146E-003;-2.996723633259535E-004;-2.875042380765081E-003;
2.405833333333334E+009;1.701554059982300E-001;3.067819168791175E-003;-3.929249360226095E-004;-2.675180090591312E-003;
2.406000000000000E+009;1.706698834896088E-001;8.970204507932067E-004;-2.779293572530150E-004;-2.868659328669310E-003;
2.406166666666667E+009;1.708087623119354E-001;-7.296470575965941E-004;-3.360502887517214E-004;-2.884142566472292E-003;
2.406333333333334E+009;1.712764501571655E-001;-2.992151770740748E-003;-1.968167634913698E-004;-2.849269658327103E-003;
2.406500000000000E+009;1.718014478683472E-001;-4.972605034708977E-003;-3.449245705269277E-004;-2.741202712059021E-003;
2.406666666666667E+009;1.721509397029877E-001;-6.868728902190924E-003;-4.253229708410800E-004;-2.665904350578785E-003;
2.406833333333334E+009;1.729698032140732E-001;-8.775355294346809E-003;-3.507517685648054E-004;-2.844206523150206E-003;
2.407000000000000E+009;1.734105795621872E-001;-1.065893284976482E-002;-5.760124186053872E-004;-2.791313454508781E-003;
2.407166666666667E+009;1.743702590465546E-001;-1.243335846811533E-002;-5.598255665972829E-004;-2.749729203060269E-003;
2.407333333333334E+009;1.749722063541412E-001;-1.429967582225800E-002;-6.412900402210653E-004;-2.797892317175865E-003;
2.407500000000000E+009;1.756054908037186E-001;-1.602890901267529E-002;-6.466828635893762E-004;-2.747204620391130E-003;
2.407666666666667E+009;1.764083355665207E-001;-1.755007728934288E-002;-6.674018804915249E-004;-3.056386951357126E-003;
2.407833333333334E+009;1.770910918712616E-001;-1.924567110836506E-002;-7.093833992257714E-004;-3.030723892152309E-003;
2.408000000000000E+009;1.777826249599457E-001;-2.078645117580891E-002;-8.107706671580672E-004;-3.103317460045219E-003;
2.408166666666667E+009;1.786008030176163E-001;-2.218845672905445E-002;-7.097918423824012E-004;-3.144068410620093E-003;
2.408333333333334E+009;1.794862002134323E-001;-2.346392720937729E-002;-8.339273044839501E-004;-3.249842207878828E-003;
2.408500000000000E+009;1.799622774124146E-001;-2.486606873571873E-002;-1.093949540518224E-003;-3.113019047304988E-003;
2.408666666666667E+009;1.806436777114868E-001;-2.604858949780464E-002;-1.177578233182430E-003;-3.143623704090715E-003;
2.408833333333334E+009;1.810892075300217E-001;-2.701826393604279E-002;-1.392908510752022E-003;-3.461016109213233E-003;
2.409000000000000E+009;1.815992593765259E-001;-2.820314466953278E-002;-1.546049839816988E-003;-3.173419507220388E-003;
2.409166666666667E+009;1.821222603321075E-001;-2.904503047466278E-002;-1.662526745349169E-003;-3.324137534946203E-003;
2.409333333333334E+009;1.826379746198654E-001;-2.981456741690636E-002;-1.952709048055112E-003;-3.376095322892070E-003;
2.409500000000000E+009;1.828702241182327E-001;-3.063822910189629E-002;-2.062964020296931E-003;-3.275121562182903E-003;
2.409666666666667E+009;1.830871105194092E-001;-3.126734495162964E-002;-2.221821108832955E-003;-3.163374494761229E-003;
2.409833333333334E+009;1.833700686693192E-001;-3.171914070844650E-002;-2.463172189891338E-003;-3.190027782693505E-003;
2.410000000000000E+009;1.835395842790604E-001;-3.220136091113091E-002;-2.642125356942415E-003;-2.972434507682920E-003;
2.410166666666667E+009;1.837885677814484E-001;-3.257488086819649E-002;-2.819223795086145E-003;-2.946165157482028E-003;
2.410333333333334E+009;1.836928576231003E-001;-3.294533863663673E-002;-3.027414903044701E-003;-2.761398907750845E-003;
2.410500000000000E+009;1.837191134691238E-001;-3.335714712738991E-002;-3.206933615729213E-003;-2.449470572173595E-003;
2.410666666666667E+009;1.833769381046295E-001;-3.366184979677200E-002;-3.436400322243571E-003;-2.441311953589320E-003;
2.410833333333334E+009;1.833559721708298E-001;-3.376685455441475E-002;-3.664227901026607E-003;-2.169576706364751E-003;
2.411000000000000E+009;1.830481886863709E-001;-3.414518013596535E-002;-3.571505192667246E-003;-2.003851579502225E-003;
2.411166666666667E+009;1.827639341354370E-001;-3.447141125798225E-002;-3.640038194134831E-003;-1.701867906376720E-003;
2.411333333333334E+009;1.822518855333328E-001;-3.493153676390648E-002;-3.716518171131611E-003;-1.395851839333773E-003;
2.411500000000000E+009;1.815479844808579E-001;-3.531323373317719E-002;-3.889570944011211E-003;-1.321985619142652E-003;
2.411666666666667E+009;1.811819523572922E-001;-3.571094945073128E-002;-4.038684070110321E-003;-1.062041963450611E-003;
2.411833333333334E+009;1.804528981447220E-001;-3.590911254286766E-002;-3.950698301196098E-003;-8.709875983186066E-004;
2.412000000000000E+009;1.797984987497330E-001;-3.639121726155281E-002;-3.996681421995163E-003;-4.668567562475801E-004;
2.412166666666667E+009;1.786339133977890E-001;-3.693018481135368E-002;-3.830683650448918E-003;-2.190913364756852E-004;
2.412333333333334E+009;1.778241246938705E-001;-3.739882633090019E-002;-3.857970936223865E-003;1.371421240037307E-004;
2.412500000000000E+009;1.765650361776352E-001;-3.810440748929977E-002;-3.717408049851656E-003;2.468154125381261E-004;
2.412666666666667E+009;1.755633652210236E-001;-3.882305696606636E-002;-3.325935220345855E-003;4.792729741893709E-004;
2.412833333333334E+009;1.745613217353821E-001;-3.946696594357491E-002;-3.344138618558645E-003;6.390259950421751E-004;
2.413000000000000E+009;1.733196526765823E-001;-4.037965834140778E-002;-3.146908478811383E-003;9.106179932132363E-004;
2.413166666666667E+009;1.720212846994400E-001;-4.122757166624069E-002;-2.843474037945271E-003;9.991761762648821E-004;
2.413333333333334E+009;1.706085205078125E-001;-4.209322482347488E-002;-2.755016554147005E-003;1.086698146536946E-003;
2.413500000000000E+009;1.694633960723877E-001;-4.327774047851563E-002;-2.544273855164647E-003;1.185672241263092E-003;
2.413666666666667E+009;1.682291924953461E-001;-4.435629025101662E-002;-2.503587864339352E-003;1.115908031351864E-003;
2.413833333333334E+009;1.667310148477554E-001;-4.544786363840103E-002;-2.324559725821018E-003;1.234361785463989E-003;
2.414000000000000E+009;1.654631495475769E-001;-4.667508229613304E-002;-2.236929722130299E-003;1.345912576653063E-003;
2.414166666666667E+009;1.642898470163345E-001;-4.806255921721458E-002;-2.151730470359325E-003;1.276065129786730E-003;
2.414333333333334E+009;1.630815118551254E-001;-4.946958646178246E-002;-1.821050536818802E-003;1.282800338231027E-003;
2.414500000000000E+009;1.621528863906860E-001;-5.088076740503311E-002;-1.714888261631131E-003;1.312015345320106E-003;
2.414666666666667E+009;1.608792096376419E-001;-5.241231992840767E-002;-1.442064647562802E-003;1.261001918464899E-003;
2.414833333333334E+009;1.597809493541718E-001;-5.417928844690323E-002;-1.596105750650168E-003;1.258391072042286E-003;
2.415000000000000E+009;1.587852686643601E-001;-5.567922070622444E-002;-1.226376509293914E-003;1.140127424150705E-003;
2.415166666666667E+009;1.579963862895966E-001;-5.744203552603722E-002;-1.110841985791922E-003;1.100754016079009E-003;
2.415333333333334E+009;1.570590436458588E-001;-5.932843685150147E-002;-1.125043258070946E-003;1.079240581020713E-003;
2.415500000000000E+009;1.563350558280945E-001;-6.103675439953804E-002;-9.100002353079617E-004;1.065260148607194E-003;
2.415666666666667E+009;1.555320322513580E-001;-6.289787590503693E-002;-1.035010791383684E-003;1.069660414941609E-003;
2.415833333333334E+009;1.550310403108597E-001;-6.484401971101761E-002;-8.955558296293020E-004;7.485942915081978E-004;
2.416000000000000E+009;1.543113887310028E-001;-6.684375554323196E-002;-9.270043228752911E-004;8.008698350749910E-004;
2.416166666666667E+009;1.541153043508530E-001;-6.874282658100128E-002;-6.362276617437601E-004;8.062164997681975E-004;
2.416333333333334E+009;1.535891741514206E-001;-7.062796503305435E-002;-8.018718217499554E-004;7.154472405090928E-004;
2.416500000000000E+009;1.532465815544128E-001;-7.269906997680664E-002;-7.347372011281550E-004;5.820226506330073E-004;
2.416666666666667E+009;1.528210788965225E-001;-7.453881204128265E-002;-6.263195537030697E-004;4.080476937815547E-004;
2.416833333333334E+009;1.527338773012161E-001;-7.668174803256989E-002;-7.077497430145741E-004;5.999424029141665E-004;
2.417000000000000E+009;1.524210870265961E-001;-7.861992716789246E-002;-4.975948831997812E-004;5.218070582486689E-004;
2.417166666666667E+009;1.523695588111877E-001;-8.030796051025391E-002;-2.974812814500183E-004;4.592775658238679E-004;
2.417333333333334E+009;1.523795425891876E-001;-8.201701194047928E-002;-3.639752976596355E-004;2.871856559067965E-004;
2.417500000000000E+009;1.523653566837311E-001;-8.379317820072174E-002;-3.811472852248699E-004;2.136146358679980E-004;
2.417666666666667E+009;1.524977087974548E-001;-8.524616062641144E-002;-3.987311793025583E-004;1.701889559626579E-004;
2.417833333333334E+009;1.524786055088043E-001;-8.682940155267716E-002;-3.726099967025220E-004;-6.836554530309513E-005;
2.418000000000000E+009;1.526161730289459E-001;-8.839524537324905E-002;-2.829914155881852E-004;-2.339511847821996E-004;
2.418166666666667E+009;1.526958495378494E-001;-8.943773806095123E-002;-3.952235274482518E-004;-2.223386691184714E-004;
2.418333333333334E+009;1.531715840101242E-001;-9.084925055503845E-002;-4.162967670708895E-004;-4.936154582537711E-004;
2.418500000000000E+009;1.532110869884491E-001;-9.193301200866699E-002;-4.779232549481094E-004;-5.853022448718548E-004;
2.418666666666667E+009;1.535220593214035E-001;-9.302125871181488E-002;-4.999607335776091E-004;-7.398025481961668E-004;
2.418833333333334E+009;1.535291820764542E-001;-9.408738464117050E-002;-6.384266307577491E-004;-7.644133875146508E-004;
2.419000000000000E+009;1.536210477352142E-001;-9.474570304155350E-002;-8.662427426315844E-004;-7.829383830539882E-004;
2.419166666666667E+009;1.539837270975113E-001;-9.541627019643784E-002;-1.033605309203267E-003;-1.085084280930460E-003;
2.419333333333334E+009;1.539983600378037E-001;-9.581389278173447E-002;-1.180103863589466E-003;-1.072959508746862E-003;
2.419500000000000E+009;1.542498320341110E-001;-9.659726917743683E-002;-1.366709242574871E-003;-1.034706598147750E-003;
2.419666666666667E+009;1.545294970273972E-001;-9.687710553407669E-002;-1.645064796321094E-003;-1.175763667561114E-003;
2.419833333333334E+009;1.544306874275208E-001;-9.687455743551254E-002;-1.741871470585465E-003;-1.156071783043444E-003;
2.420000000000000E+009;1.545797884464264E-001;-9.711313247680664E-002;-2.027869457378984E-003;-1.109255244955421E-003;
2.420166666666667E+009;1.546960622072220E-001;-9.721460938453674E-002;-2.164511475712061E-003;-1.102866837754846E-003;
2.420333333333334E+009;1.546134203672409E-001;-9.716253727674484E-002;-2.431982429698110E-003;-1.095496234484017E-003;
2.420500000000000E+009;1.545935124158859E-001;-9.682596474885941E-002;-2.647679997608066E-003;-8.497618255205452E-004;
2.420666666666667E+009;1.543971449136734E-001;-9.661164879798889E-002;-2.642151666805148E-003;-8.122493163682520E-004;
2.420833333333334E+009;1.543443799018860E-001;-9.659574180841446E-002;-2.946311840787530E-003;-7.184451096691191E-004;
2.421000000000000E+009;1.540845632553101E-001;-9.643090516328812E-002;-3.141054185107350E-003;-4.891236312687397E-004;
2.421166666666667E+009;1.539490371942520E-001;-9.598562866449356E-002;-3.273351117968559E-003;-2.673103590495884E-004;
2.421333333333334E+009;1.535812020301819E-001;-9.558714181184769E-002;-3.401649650186300E-003;-2.080796402879059E-004;
2.421500000000000E+009;1.530108749866486E-001;-9.532138705253601E-002;-3.557358169928193E-003;1.925073738675565E-004;
2.421666666666667E+009;1.526110023260117E-001;-9.497174620628357E-002;-3.529468784108758E-003;3.409748896956444E-004;
2.421833333333334E+009;1.519806385040283E-001;-9.446275979280472E-002;-3.588302759453654E-003;6.011927616782486E-004;
2.422000000000000E+009;1.512313932180405E-001;-9.430428594350815E-002;-3.726965514943004E-003;8.638402214273810E-004;
2.422166666666667E+009;1.504118293523789E-001;-9.432050585746765E-002;-3.761865664273500E-003;1.196657423861325E-003;
2.422333333333334E+009;1.494420915842056E-001;-9.370749443769455E-002;-3.718374995514751E-003;1.458610757254064E-003;
2.422500000000000E+009;1.484574526548386E-001;-9.365268051624298E-002;-3.801888320595026E-003;1.614898908883333E-003;
2.422666666666667E+009;1.473712474107742E-001;-9.348589181900024E-002;-3.759267507120967E-003;2.037232741713524E-003;
2.422833333333334E+009;1.460967957973480E-001;-9.354128688573837E-002;-3.608899889513850E-003;2.212380291894078E-003;
2.423000000000000E+009;1.450237631797791E-001;-9.335555881261826E-002;-3.472415264695883E-003;2.462389180436730E-003;
2.423166666666667E+009;1.436894834041596E-001;-9.333482384681702E-002;-3.333094762638211E-003;2.651882823556662E-003;
2.423333333333334E+009;1.423218697309494E-001;-9.314886480569840E-002;-3.187285503372550E-003;2.849974436685443E-003;
2.423500000000000E+009;1.408665478229523E-001;-9.343338757753372E-002;-2.997108735144138E-003;3.117319662123919E-003;
2.423666666666667E+009;1.391485631465912E-001;-9.373287856578827E-002;-2.909073373302817E-003;3.177455160766840E-003;
2.423833333333334E+009;1.379499882459641E-001;-9.401128441095352E-002;-2.696677809581161E-003;3.486151807010174E-003;
2.424000000000000E+009;1.362084746360779E-001;-9.425764530897141E-002;-2.352671697735786E-003;3.384012263268232E-003;
2.424166666666667E+009;1.345017999410629E-001;-9.469541162252426E-002;-2.223821822553873E-003;3.688477445393801E-003;
2.424333333333334E+009;1.333979070186615E-001;-9.509636461734772E-002;-1.893783104605973E-003;3.687673714011908E-003;
2.424500000000000E+009;1.317754089832306E-001;-9.583958983421326E-002;-1.788099994882941E-003;3.651885548606515E-003;
2.424666666666667E+009;1.304258257150650E-001;-9.635227918624878E-002;-1.621658913791180E-003;3.860003547742963E-003;
2.424833333333334E+009;1.287637948989868E-001;-9.711898118257523E-002;-1.400895998813212E-003;3.775546560063958E-003;
2.425000000000000E+009;1.275211423635483E-001;-9.804271161556244E-002;-1.256411196663976E-003;3.835412440821528E-003;
2.425166666666667E+009;1.261131018400192E-001;-9.896497428417206E-002;-9.878696873784065E-004;3.941512200981379E-003;
2.425333333333334E+009;1.248784363269806E-001;-1.000650376081467E-001;-1.030889688991010E-003;3.859780961647630E-003;
2.425500000000000E+009;1.237793490290642E-001;-1.011914014816284E-001;-7.328139035962522E-004;3.883547615259886E-003;
2.425666666666667E+009;1.224464029073715E-001;-1.023097038269043E-001;-6.343830609694123E-004;3.767295274883509E-003;
2.425833333333334E+009;1.213647425174713E-001;-1.036579236388207E-001;-4.715818795375526E-004;3.761062165722251E-003;
2.426000000000000E+009;1.204048618674278E-001;-1.051202267408371E-001;-3.167657123412937E-004;3.836123505607247E-003;
2.426166666666667E+009;1.198213547468185E-001;-1.064863875508308E-001;-1.310553489020094E-004;3.693350125104189E-003;
2.426333333333334E+009;1.188872233033180E-001;-1.078870743513107E-001;-6.817217945354059E-005;3.683084854856134E-003;
2.426500000000000E+009;1.180683523416519E-001;-1.094407290220261E-001;1.945188123499975E-004;3.706294111907482E-003;
2.426666666666667E+009;1.175288856029511E-001;-1.109054982662201E-001;2.726909588091075E-004;3.556416369974613E-003;
2.426833333333334E+009;1.169222965836525E-001;-1.125759929418564E-001;3.321121621411294E-004;3.569062333554030E-003;
2.427000000000000E+009;1.164108216762543E-001;-1.142866462469101E-001;4.417953605297953E-004;3.330547828227282E-003;
2.427166666666667E+009;1.159711331129074E-001;-1.156698390841484E-001;4.700515419244766E-004;3.313619410619140E-003;
2.427333333333334E+009;1.156679391860962E-001;-1.173749268054962E-001;4.985267878510058E-004;3.252908587455750E-003;
2.427500000000000E+009;1.153762564063072E-001;-1.189117953181267E-001;6.225020042620599E-004;3.351382445544004E-003;
2.427666666666667E+009;1.152506545186043E-001;-1.204236671328545E-001;6.051298114471138E-004;3.106712596490979E-003;
2.427833333333334E+009;1.149908155202866E-001;-1.220029667019844E-001;6.412606453523040E-004;3.217214951291680E-003;
2.428000000000000E+009;1.149986684322357E-001;-1.234893575310707E-001;7.512497832067311E-004;3.189860610291362E-003;
2.428166666666667E+009;1.151701733469963E-001;-1.248459964990616E-001;8.062320994213224E-004;3.072218270972371E-003;
2.428333333333334E+009;1.153762117028236E-001;-1.263051629066467E-001;8.432114846073091E-004;3.154993057250977E-003;
2.428500000000000E+009;1.153029799461365E-001;-1.276432722806931E-001;9.785175789147615E-004;3.113314509391785E-003;
2.428666666666667E+009;1.155406534671783E-001;-1.288323998451233E-001;9.715302730910480E-004;3.005933947861195E-003;
2.428833333333334E+009;1.157002523541451E-001;-1.299751698970795E-001;1.052862615324557E-003;3.036228474229574E-003;
2.429000000000000E+009;1.161012873053551E-001;-1.310689896345139E-001;1.039667753502727E-003;2.922774758189917E-003;
2.429166666666667E+009;1.162636280059815E-001;-1.320480853319168E-001;1.206517918035388E-003;3.019005293026567E-003;
2.429333333333334E+009;1.167199835181236E-001;-1.330041736364365E-001;1.114863785915077E-003;2.998413285240531E-003;
2.429500000000000E+009;1.169932410120964E-001;-1.337796598672867E-001;1.280831755138934E-003;3.011945169419050E-003;
2.429666666666667E+009;1.172007620334625E-001;-1.344771534204483E-001;1.321485731750727E-003;3.003376070410013E-003;
2.429833333333334E+009;1.176025643944740E-001;-1.350605636835098E-001;1.375188236124814E-003;3.106037853285670E-003;
2.430000000000000E+009;1.179825738072395E-001;-1.358521729707718E-001;1.398473512381315E-003;3.144475864246488E-003;
2.430166666666667E+009;1.183615773916245E-001;-1.364448219537735E-001;1.479244790971279E-003;3.094579558819532E-003;
2.430333333333334E+009;1.186695471405983E-001;-1.365656107664108E-001;1.692221616394818E-003;3.108081407845020E-003;
2.430500000000000E+009;1.187941357493401E-001;-1.368793845176697E-001;1.636227592825890E-003;3.073296742513776E-003;
2.430666666666667E+009;1.190662533044815E-001;-1.376480758190155E-001;1.844992861151695E-003;3.237995551899076E-003;
2.430833333333334E+009;1.192693114280701E-001;-1.377238184213638E-001;1.931594684720039E-003;3.194685094058514E-003;
2.431000000000000E+009;1.194549128413200E-001;-1.376324445009232E-001;2.003135159611702E-003;3.231686074286699E-003;
2.431166666666667E+009;1.193854585289955E-001;-1.380432546138763E-001;2.179215895012021E-003;3.153651487082243E-003;
2.431333333333334E+009;1.192829385399818E-001;-1.381483972072601E-001;2.312947530299425E-003;3.291597357019782E-003;
2.431500000000000E+009;1.192481070756912E-001;-1.381506770849228E-001;2.457662485539913E-003;3.203562693670392E-003;
2.431666666666667E+009;1.192894205451012E-001;-1.380713731050491E-001;2.662341110408306E-003;3.202929627150297E-003;
2.431833333333334E+009;1.187661364674568E-001;-1.381030827760696E-001;2.722378354519606E-003;3.289489541202784E-003;
2.432000000000000E+009;1.185249909758568E-001;-1.380349397659302E-001;2.920597326010466E-003;3.260694444179535E-003;
2.432166666666667E+009;1.180213764309883E-001;-1.379207372665405E-001;3.252264112234116E-003;3.231689333915710E-003;
2.432333333333334E+009;1.176446899771690E-001;-1.374925523996353E-001;3.399582114070654E-003;3.180433064699173E-003;
2.432500000000000E+009;1.170618683099747E-001;-1.375920623540878E-001;3.568282583728433E-003;3.183288499712944E-003;
2.432666666666667E+009;1.162077188491821E-001;-1.372569054365158E-001;3.768368856981397E-003;2.922990825027227E-003;
2.432833333333334E+009;1.156485602259636E-001;-1.373297870159149E-001;4.178487695753574E-003;2.831513993442059E-003;
2.433000000000000E+009;1.147583946585655E-001;-1.369841396808624E-001;4.433915019035339E-003;2.597841434180737E-003;
2.433166666666667E+009;1.138564571738243E-001;-1.369851380586624E-001;4.582597408443689E-003;2.633532974869013E-003;
2.433333333333334E+009;1.128352880477905E-001;-1.368304640054703E-001;4.734087269753218E-003;2.320101950317621E-003;
2.433500000000000E+009;1.118581220507622E-001;-1.366882622241974E-001;4.979458637535572E-003;2.048244234174490E-003;
2.433666666666667E+009;1.110211834311485E-001;-1.367132216691971E-001;5.039494019001722E-003;1.842880854383111E-003;
2.433833333333334E+009;1.099173650145531E-001;-1.365776211023331E-001;5.231689196079969E-003;1.386204850859940E-003;
2.434000000000000E+009;1.089100539684296E-001;-1.368597894906998E-001;5.385704804211855E-003;1.382771646603942E-003;
2.434166666666667E+009;1.076356768608093E-001;-1.368395388126373E-001;5.319764837622643E-003;9.128166129812598E-004;
2.434333333333334E+009;1.063858419656754E-001;-1.370340287685394E-001;5.500843282788992E-003;7.707062177360058E-004;
2.434500000000000E+009;1.052519977092743E-001;-1.372472494840622E-001;5.520222242921591E-003;3.952722763642669E-004;
2.434666666666667E+009;1.040290147066116E-001;-1.377386897802353E-001;5.421868525445461E-003;1.955388142960146E-004;
2.434833333333334E+009;1.029026061296463E-001;-1.381443738937378E-001;5.391894374042749E-003;-2.293644211022183E-004;
2.435000000000000E+009;1.016438901424408E-001;-1.385259777307510E-001;5.369754973798990E-003;-6.160652264952660E-004;
2.435166666666667E+009;1.003897339105606E-001;-1.392700672149658E-001;5.333098582923412E-003;-8.600520086474717E-004;
2.435333333333334E+009;9.907200187444687E-002;-1.399725377559662E-001;5.133649334311485E-003;-1.001163967885077E-003;
2.435500000000000E+009;9.776489436626434E-002;-1.406297683715820E-001;5.079261958599091E-003;-1.371799618937075E-003;
2.435666666666667E+009;9.663394838571549E-002;-1.413389891386032E-001;5.061596632003784E-003;-1.516875112429261E-003;
2.435833333333334E+009;9.534941613674164E-002;-1.420447528362274E-001;4.675252363085747E-003;-1.853689318522811E-003;
2.436000000000000E+009;9.413664788007736E-002;-1.430830061435700E-001;4.605276510119438E-003;-1.890866551548243E-003;
2.436166666666667E+009;9.269821643829346E-002;-1.438594013452530E-001;4.459059331566095E-003;-2.136219991371036E-003;
2.436333333333334E+009;9.174396097660065E-002;-1.449488550424576E-001;4.360001068562269E-003;-2.361086895689368E-003;
2.436500000000000E+009;9.058612585067749E-002;-1.458392292261124E-001;3.978116903454065E-003;-2.543293405324221E-003;
2.436666666666667E+009;8.949220925569534E-002;-1.468533128499985E-001;3.909425344318152E-003;-2.594831632450223E-003;
2.436833333333334E+009;8.849475532770157E-002;-1.477666795253754E-001;3.652433166280389E-003;-2.691788133233786E-003;
2.437000000000000E+009;8.747745305299759E-002;-1.488122493028641E-001;3.532217349857092E-003;-2.677471609786153E-003;
2.437166666666667E+009;8.653055131435394E-002;-1.498918235301971E-001;3.224220825359225E-003;-2.929916605353355E-003;
2.437333333333334E+009;8.559030294418335E-002;-1.507905423641205E-001;3.210164140909910E-003;-2.917321631684899E-003;
2.437500000000000E+009;8.488234877586365E-002;-1.517087668180466E-001;3.005635691806674E-003;-2.863207599148154E-003;
2.437666666666667E+009;8.407174795866013E-002;-1.529086381196976E-001;2.877884311601520E-003;-3.030705265700817E-003;
2.437833333333334E+009;8.368089795112610E-002;-1.535331606864929E-001;2.736838301643729E-003;-3.033407265320420E-003;
2.438000000000000E+009;8.301328122615814E-002;-1.545660495758057E-001;2.563518704846501E-003;-2.991790650412440E-003;
2.438166666666667E+009;8.244521170854569E-002;-1.555310189723969E-001;2.497409470379353E-003;-3.179658437147737E-003;
2.438333333333334E+009;8.190129697322846E-002;-1.561613976955414E-001;2.536957617849112E-003;-3.083474468439817E-003;
2.438500000000000E+009;8.176280558109283E-002;-1.570679694414139E-001;2.238979097455740E-003;-3.014265326783061E-003;
2.438666666666667E+009;8.140639960765839E-002;-1.580881774425507E-001;1.973388018086553E-003;-3.167679067701101E-003;
2.438833333333334E+009;8.095716685056686E-002;-1.586725860834122E-001;1.933660823851824E-003;-2.982890466228128E-003;
2.439000000000000E+009;8.093950897455216E-002;-1.593396812677383E-001;1.808908185921609E-003;-3.075964283198118E-003;
2.439166666666667E+009;8.079699426889420E-002;-1.601131558418274E-001;1.665906165726483E-003;-3.075244603678584E-003;
2.439333333333334E+009;8.040633797645569E-002;-1.608730852603912E-001;1.608313759788871E-003;-2.982818754389882E-003;
2.439500000000000E+009;8.025963604450226E-002;-1.616239696741104E-001;1.562964520417154E-003;-2.985979896038771E-003;
2.439666666666667E+009;8.008455485105515E-002;-1.619001775979996E-001;1.324786571785808E-003;-3.042255062609911E-003;
2.439833333333334E+009;8.003893494606018E-002;-1.623547375202179E-001;1.331567647866905E-003;-2.953256480395794E-003;
2.440000000000000E+009;7.961720973253250E-002;-1.628956347703934E-001;1.378258923068643E-003;-2.982524223625660E-003;
2.440166666666667E+009;7.952585071325302E-002;-1.634738296270371E-001;1.162515720352531E-003;-2.799001755192876E-003;
2.440333333333334E+009;7.928201556205750E-002;-1.636584997177124E-001;1.145971706137061E-003;-2.898924285545945E-003;
2.440500000000000E+009;7.901376485824585E-002;-1.638529002666473E-001;1.112256664782763E-003;-2.995969029143453E-003;
2.440666666666667E+009;7.859744876623154E-002;-1.641288548707962E-001;1.145220361649990E-003;-2.916344674304128E-003;
2.440833333333334E+009;7.850813865661621E-002;-1.644005924463272E-001;1.059514004737139E-003;-2.898807870224118E-003;
2.441000000000000E+009;7.800798863172531E-002;-1.641995459794998E-001;1.099109183996916E-003;-2.822192618623376E-003;
2.441166666666667E+009;7.743549346923828E-002;-1.644349992275238E-001;1.023450167849660E-003;-2.755115274339914E-003;
2.441333333333334E+009;7.710447162389755E-002;-1.641882658004761E-001;8.558305562473834E-004;-2.828204305842519E-003;
2.441500000000000E+009;7.642333954572678E-002;-1.640481352806091E-001;9.957668371498585E-004;-2.904926426708698E-003;
2.441666666666667E+009;7.598198950290680E-002;-1.639349758625031E-001;8.709951071068645E-004;-2.800058806315064E-003;
2.441833333333334E+009;7.528664916753769E-002;-1.637817174196243E-001;7.698569679632783E-004;-2.941370010375977E-003;
2.442000000000000E+009;7.469317317008972E-002;-1.635461151599884E-001;9.550824761390686E-004;-2.992521505802870E-003;
2.442166666666667E+009;7.391534000635147E-002;-1.632337123155594E-001;8.060950203798711E-004;-3.003415651619434E-003;
2.442333333333334E+009;7.323799282312393E-002;-1.629542708396912E-001;7.974122418090701E-004;-3.159024519845843E-003;
2.442500000000000E+009;7.233325392007828E-002;-1.625902801752091E-001;5.874998169019818E-004;-3.082979470491409E-003;
2.442666666666667E+009;7.137908786535263E-002;-1.622166931629181E-001;5.795622710138559E-004;-3.077059984207153E-003;
2.442833333333334E+009;7.064381241798401E-002;-1.620402187108994E-001;6.271277088671923E-004;-3.078874200582504E-003;
2.443000000000000E+009;6.961363554000855E-002;-1.615728735923767E-001;6.725313724018633E-004;-3.039173316210508E-003;
2.443166666666667E+009;6.869009137153626E-002;-1.615374684333801E-001;5.413037142716348E-004;-3.299304516986013E-003;
2.443333333333334E+009;6.748922169208527E-002;-1.610446125268936E-001;4.553527687676251E-004;-3.396764164790511E-003;
2.443500000000000E+009;6.630311161279678E-002;-1.609087437391281E-001;4.379696620162576E-004;-3.364136209711433E-003;
2.443666666666667E+009;6.532246619462967E-002;-1.607457995414734E-001;3.304639831185341E-004;-3.406826639547944E-003;
2.443833333333334E+009;6.425985693931580E-002;-1.607373803853989E-001;2.970449277199805E-004;-3.458077553659678E-003;
2.444000000000000E+009;6.304717063903809E-002;-1.606288254261017E-001;1.546616986161098E-004;-3.499830840155482E-003;
2.444166666666667E+009;6.174277886748314E-002;-1.605475395917893E-001;2.402288810117170E-004;-3.694236977025867E-003;
2.444333333333334E+009;6.064727529883385E-002;-1.607492715120316E-001;-1.459889172110707E-004;-3.828342538326979E-003;
2.444500000000000E+009;5.926774442195892E-002;-1.609458625316620E-001;-3.368487232364714E-004;-3.930191975086927E-003;
2.444666666666667E+009;5.805222690105438E-002;-1.611113250255585E-001;-5.770293064415455E-004;-4.058971069753170E-003;
2.444833333333334E+009;5.673155561089516E-002;-1.612641811370850E-001;-5.880869575776160E-004;-3.955456428229809E-003;
2.445000000000000E+009;5.553276836872101E-002;-1.616304665803909E-001;-6.655401084572077E-004;-3.897713730111718E-003;
2.445166666666667E+009;5.404946208000183E-002;-1.620096713304520E-001;-9.712469764053822E-004;-3.822403727099299E-003;
2.445333333333334E+009;5.277375131845474E-002;-1.623356342315674E-001;-1.063231611624360E-003;-3.884692676365376E-003;
2.445500000000000E+009;5.141064152121544E-002;-1.628677994012833E-001;-1.188073190860450E-003;-3.864656435325742E-003;
2.445666666666667E+009;5.022257938981056E-002;-1.635272353887558E-001;-1.643965602852404E-003;-3.779393155127764E-003;
2.445833333333334E+009;4.886351898312569E-002;-1.642093807458878E-001;-1.643056049942970E-003;-3.784595057368279E-003;
2.446000000000000E+009;4.755588248372078E-002;-1.647969186306000E-001;-1.878517912700772E-003;-3.573799738660455E-003;
2.446166666666667E+009;4.649773240089417E-002;-1.656105965375900E-001;-2.115383511409164E-003;-3.585007740184665E-003;
2.446333333333334E+009;4.511517658829689E-002;-1.663352996110916E-001;-2.238062908872962E-003;-3.282732563093305E-003;
2.446500000000000E+009;4.405673220753670E-002;-1.668584346771240E-001;-2.410066546872258E-003;-3.395919455215335E-003;
2.446666666666667E+009;4.272901639342308E-002;-1.678537279367447E-001;-2.333315089344978E-003;-3.139627631753683E-003;
2.446833333333334E+009;4.191955924034119E-002;-1.685026586055756E-001;-2.356521086767316E-003;-2.813659142702818E-003;
2.447000000000000E+009;4.052172228693962E-002;-1.693769097328186E-001;-2.631712937727571E-003;-2.830823883414269E-003;
2.447166666666667E+009;3.954098001122475E-002;-1.700906157493591E-001;-2.615249017253518E-003;-2.616956364363432E-003;
2.447333333333334E+009;3.861867263913155E-002;-1.708903014659882E-001;-2.691584406420589E-003;-2.425800310447812E-003;
2.447500000000000E+009;3.785551339387894E-002;-1.717020124197006E-001;-2.577909966930747E-003;-2.372225280851126E-003;
2.447666666666667E+009;3.694719821214676E-002;-1.724655181169510E-001;-2.688721287995577E-003;-2.170100808143616E-003;
2.447833333333334E+009;3.599265962839127E-002;-1.733576804399490E-001;-2.679191995412111E-003;-2.166108228266239E-003;
2.448000000000000E+009;3.557929769158363E-002;-1.739969849586487E-001;-2.705418271943927E-003;-1.984644448384643E-003;
2.448166666666667E+009;3.475694730877876E-002;-1.748062372207642E-001;-2.676491392776370E-003;-2.096876036375761E-003;
2.448333333333334E+009;3.431125730276108E-002;-1.754588484764099E-001;-2.733318367972970E-003;-1.971076941117644E-003;
2.448500000000000E+009;3.377289324998856E-002;-1.763462871313095E-001;-2.722191391512752E-003;-1.893593696877360E-003;
2.448666666666667E+009;3.320845961570740E-002;-1.767902225255966E-001;-2.677670679986477E-003;-1.809217967092991E-003;
2.448833333333334E+009;3.270990774035454E-002;-1.776362508535385E-001;-2.663604216650128E-003;-1.690288074314594E-003;
2.449000000000000E+009;3.228089585900307E-002;-1.779752671718597E-001;-2.851575380191207E-003;-1.656535430811346E-003;
2.449166666666667E+009;3.183643892407417E-002;-1.786769777536392E-001;-2.859922358766198E-003;-1.650351798161864E-003;
2.449333333333334E+009;3.164629265666008E-002;-1.790650188922882E-001;-2.876560902222991E-003;-1.573252491652966E-003;
2.449500000000000E+009;3.096267580986023E-002;-1.795997321605682E-001;-2.746001817286015E-003;-1.520312507636845E-003;
2.449666666666667E+009;3.066451288759708E-002;-1.800961196422577E-001;-2.890865085646510E-003;-1.433537108823657E-003;
2.449833333333334E+009;3.026231378316879E-002;-1.804854124784470E-001;-2.929469337686896E-003;-1.411520759575069E-003;
2.450000000000000E+009;2.972561307251453E-002;-1.807314455509186E-001;-3.036522306501865E-003;-1.358492881990969E-003;
2.450166666666667E+009;2.934888936579227E-002;-1.810520440340042E-001;-2.958905417472124E-003;-1.206944929435849E-003;
2.450333333333334E+009;2.893207781016827E-002;-1.810578107833862E-001;-2.899392275139689E-003;-1.265765633434057E-003;
2.450500000000000E+009;2.837985195219517E-002;-1.811660826206207E-001;-3.108618315309286E-003;-1.220056088641286E-003;
2.450666666666667E+009;2.791659533977509E-002;-1.812437474727631E-001;-3.197429468855262E-003;-1.061171758919954E-003;
2.450833333333334E+009;2.731435373425484E-002;-1.810678541660309E-001;-3.186595626175404E-003;-1.056957640685141E-003;
2.451000000000000E+009;2.686931751668453E-002;-1.810334771871567E-001;-3.320025745779276E-003;-9.375613299198449E-004;
2.451166666666667E+009;2.623271383345127E-002;-1.810033470392227E-001;-3.442613873630762E-003;-8.263509371317923E-004;
2.451333333333334E+009;2.578762546181679E-002;-1.807403564453125E-001;-3.389259101822972E-003;-8.319051703438163E-004;
2.451500000000000E+009;2.509210258722305E-002;-1.805023252964020E-001;-3.424564609304071E-003;-6.101267645135522E-004;
2.451666666666667E+009;2.427610941231251E-002;-1.800006628036499E-001;-3.637221409007907E-003;-5.332153523340821E-004;
2.451833333333334E+009;2.365025319159031E-002;-1.798064261674881E-001;-3.484218847006559E-003;-3.909089136868715E-004;
2.452000000000000E+009;2.299094945192337E-002;-1.794863343238831E-001;-3.628056496381760E-003;-2.575242251623422E-004;
2.452166666666667E+009;2.214786037802696E-002;-1.791575402021408E-001;-3.610946470871568E-003;-1.119969092542306E-004;
2.452333333333334E+009;2.127397060394287E-002;-1.788735538721085E-001;-3.605614881962538E-003;-6.415820098482072E-005;
2.452500000000000E+009;2.049968019127846E-002;-1.785718649625778E-001;-3.664730815216899E-003;2.163514000130817E-004;
2.452666666666667E+009;1.940135657787323E-002;-1.780494451522827E-001;-3.765652654692531E-003;3.358043031767011E-004;
2.452833333333334E+009;1.834190264344215E-002;-1.777795106172562E-001;-3.622239921241999E-003;4.975958727300167E-004;
2.453000000000000E+009;1.748558878898621E-002;-1.775666177272797E-001;-3.632429754361510E-003;7.414274732582271E-004;
2.453166666666667E+009;1.626730151474476E-002;-1.772878170013428E-001;-3.822613274678588E-003;8.228397346101701E-004;
2.453333333333334E+009;1.515687163919210E-002;-1.769541501998901E-001;-3.759159008041024E-003;9.354475187137723E-004;
2.453500000000000E+009;1.397186797112227E-002;-1.767859607934952E-001;-3.559545846655965E-003;1.047883997671306E-003;
2.453666666666667E+009;1.282643433660269E-002;-1.766599416732788E-001;-3.540987381711602E-003;1.267241430468857E-003;
2.453833333333334E+009;1.148390304297209E-002;-1.765341609716415E-001;-3.480596235021949E-003;1.384112285450101E-003;
2.454000000000000E+009;1.001325808465481E-002;-1.762801259756088E-001;-3.388673998415470E-003;1.573053537867963E-003;
2.454166666666667E+009;8.846980519592762E-003;-1.763356178998947E-001;-3.216243581846356E-003;1.720716245472431E-003;
2.454333333333334E+009;7.314234506338835E-003;-1.763723641633987E-001;-3.083149204030633E-003;1.933300751261413E-003;
2.454500000000000E+009;5.837498698383570E-003;-1.764159053564072E-001;-2.959612058475614E-003;1.863046432845295E-003;
2.454666666666667E+009;4.517781548202038E-003;-1.764719039201737E-001;-2.898329170420766E-003;2.168914303183556E-003;
2.454833333333334E+009;3.183183027431369E-003;-1.765468418598175E-001;-2.750919666141272E-003;2.312452765181661E-003;
2.455000000000000E+009;1.693964004516602E-003;-1.768076717853546E-001;-2.595847705379129E-003;2.296276157721877E-003;
2.455166666666667E+009;1.298783317906782E-004;-1.770752370357513E-001;-2.362334867939353E-003;2.349523128941655E-003;
2.455333333333334E+009;-1.187559333629906E-003;-1.771873235702515E-001;-2.432778244838119E-003;2.415024209767580E-003;
2.455500000000000E+009;-2.752898959442973E-003;-1.776128411293030E-001;-2.063579857349396E-003;2.456689253449440E-003;
2.455666666666667E+009;-4.129758570343256E-003;-1.778790503740311E-001;-1.861174241639674E-003;2.554117236286402E-003;
2.455833333333334E+009;-5.515411030501127E-003;-1.782179027795792E-001;-1.618356327526271E-003;2.505961805582047E-003;
2.456000000000000E+009;-6.803023628890514E-003;-1.785878986120224E-001;-1.413199817761779E-003;2.539063105359674E-003;
2.456166666666667E+009;-8.023582398891449E-003;-1.789073199033737E-001;-1.304702367633581E-003;2.508206525817514E-003;
2.456333333333334E+009;-9.237170219421387E-003;-1.795384138822556E-001;-1.118224230594933E-003;2.390162087976933E-003;
2.456500000000000E+009;-1.056709513068199E-002;-1.798721849918366E-001;-1.102207461372018E-003;2.391285495832562E-003;
2.456666666666667E+009;-1.181842014193535E-002;-1.802633702754974E-001;-8.946200250647962E-004;2.379041863605380E-003;
2.456833333333334E+009;-1.273007038980722E-002;-1.805930286645889E-001;-7.789489463903010E-004;2.152012195438147E-003;
2.457000000000000E+009;-1.382226869463921E-002;-1.810850054025650E-001;-6.212394800968468E-004;2.021310850977898E-003;
2.457166666666667E+009;-1.489100232720375E-002;-1.815031915903091E-001;-5.904114805161953E-004;2.009463030844927E-003;
2.457333333333334E+009;-1.558475475758314E-002;-1.818592995405197E-001;-5.196148413233459E-004;1.860325923189521E-003;
2.457500000000000E+009;-1.664290949702263E-002;-1.820838004350662E-001;-6.405567401088774E-004;1.689211349003017E-003;
2.457666666666667E+009;-1.724307239055634E-002;-1.825413405895233E-001;-4.841012123506516E-004;1.551919849589467E-003;
2.457833333333334E+009;-1.812010817229748E-002;-1.829463094472885E-001;-3.853747330140322E-004;1.355748623609543E-003;
2.458000000000000E+009;-1.856005750596523E-002;-1.830129325389862E-001;-4.998365766368806E-004;1.294722431339324E-003;
2.458166666666667E+009;-1.934386976063252E-002;-1.834855377674103E-001;-4.286069597583264E-004;1.070018857717514E-003;
2.458333333333334E+009;-1.970761269330978E-002;-1.838483512401581E-001;-5.450940807349980E-004;1.142626395449042E-003;
2.458500000000000E+009;-2.017684467136860E-002;-1.837178915739059E-001;-4.795498971361667E-004;9.721364476718009E-004;
2.458666666666667E+009;-2.080884203314781E-002;-1.839360147714615E-001;-7.395482389256358E-004;9.900478180497885E-004;
2.458833333333334E+009;-2.120189368724823E-002;-1.840178519487381E-001;-8.848945144563913E-004;9.132739505730569E-004;
2.459000000000000E+009;-2.150676399469376E-002;-1.838547438383102E-001;-9.931549429893494E-004;8.863569237291813E-004;
2.459166666666667E+009;-2.190793119370937E-002;-1.839861124753952E-001;-9.644514066167176E-004;8.308867109008133E-004;
2.459333333333334E+009;-2.227006666362286E-002;-1.834981292486191E-001;-9.416604880243540E-004;8.282208582386375E-004;
2.459500000000000E+009;-2.246742881834507E-002;-1.834641396999359E-001;-1.123759080655873E-003;8.949293405748904E-004;
2.459666666666667E+009;-2.288758568465710E-002;-1.830055713653565E-001;-1.336366869509220E-003;9.664340177550912E-004;
2.459833333333334E+009;-2.333079278469086E-002;-1.828060597181320E-001;-1.251987880095840E-003;9.687337442301214E-004;
2.460000000000000E+009;-2.333056554198265E-002;-1.823731213808060E-001;-1.383896218612790E-003;8.311802521348000E-004;
2.460166666666667E+009;-2.373415045440197E-002;-1.816417872905731E-001;-1.513168681412935E-003;7.507959962822497E-004;
2.460333333333334E+009;-2.383002266287804E-002;-1.810426712036133E-001;-1.539285061880946E-003;8.710809634067118E-004;
2.460500000000000E+009;-2.442346513271332E-002;-1.804012507200241E-001;-1.603713957592845E-003;1.040641451254487E-003;
2.460666666666667E+009;-2.475394867360592E-002;-1.797872483730316E-001;-1.586587633937597E-003;8.985733147710562E-004;
2.460833333333334E+009;-2.532917261123657E-002;-1.788118630647659E-001;-1.802927232347429E-003;1.247945474460721E-003;
2.461000000000000E+009;-2.569148503243923E-002;-1.781064867973328E-001;-1.883096410892904E-003;1.346259610727429E-003;
2.461166666666667E+009;-2.601719275116921E-002;-1.771259903907776E-001;-2.006046473979950E-003;1.292013097554445E-003;
2.461333333333334E+009;-2.658786438405514E-002;-1.761882454156876E-001;-2.122322330251336E-003;1.424359972588718E-003;
2.461500000000000E+009;-2.723420038819313E-002;-1.751098781824112E-001;-2.092462731525302E-003;1.450321753509343E-003;
2.461666666666667E+009;-2.789649367332459E-002;-1.743259429931641E-001;-2.052740426734090E-003;1.729166018776596E-003;
2.461833333333334E+009;-2.886356785893440E-002;-1.733740121126175E-001;-2.155444119125605E-003;1.947898534126580E-003;
2.462000000000000E+009;-2.935814671218395E-002;-1.723082661628723E-001;-2.261023269966245E-003;2.085725776851177E-003;
2.462166666666667E+009;-3.038008883595467E-002;-1.713921129703522E-001;-2.223415765911341E-003;2.251880010589957E-003;
2.462333333333334E+009;-3.141231462359428E-002;-1.703375428915024E-001;-2.126543782651424E-003;2.503463067114353E-003;
2.462500000000000E+009;-3.254469856619835E-002;-1.694077700376511E-001;-2.105967141687870E-003;2.618289552628994E-003;
2.462666666666667E+009;-3.351890668272972E-002;-1.685371100902557E-001;-2.095453906804323E-003;2.895623911172152E-003;
2.462833333333334E+009;-3.486971557140350E-002;-1.673482805490494E-001;-2.041546860709786E-003;3.021657466888428E-003;
2.463000000000000E+009;-3.609172254800797E-002;-1.663423329591751E-001;-1.907197642140091E-003;3.137515857815743E-003;
2.463166666666667E+009;-3.775533288717270E-002;-1.654385179281235E-001;-1.840728335082531E-003;3.408990567550063E-003;
2.463333333333334E+009;-3.916060924530029E-002;-1.648370772600174E-001;-1.509102410636842E-003;3.485797205939889E-003;
2.463500000000000E+009;-4.087401926517487E-002;-1.639406830072403E-001;-1.496424432843924E-003;3.621273441240192E-003;
2.463666666666667E+009;-4.270368441939354E-002;-1.632971316576004E-001;-1.348153804428875E-003;3.886638907715678E-003;
2.463833333333334E+009;-4.452266544103622E-002;-1.625341325998306E-001;-1.075499691069126E-003;4.003016743808985E-003;
2.464000000000000E+009;-4.620038717985153E-002;-1.617545932531357E-001;-9.036223636940122E-004;4.181599710136652E-003;
2.464166666666667E+009;-4.806324094533920E-002;-1.612936705350876E-001;-8.181038429029286E-004;4.203160759061575E-003;
2.464333333333334E+009;-5.004808306694031E-002;-1.605826467275620E-001;-7.406461518257856E-004;4.195152316242456E-003;
2.464500000000000E+009;-5.195190757513046E-002;-1.600985974073410E-001;-4.083061357960105E-004;4.379038698971272E-003;
2.464666666666667E+009;-5.415076017379761E-002;-1.596628427505493E-001;-2.619008882902563E-004;4.373836331069470E-003;
2.464833333333334E+009;-5.593098700046539E-002;-1.593841612339020E-001;-6.115828728070483E-005;4.438375122845173E-003;
2.465000000000000E+009;-5.796132981777191E-002;-1.589713096618652E-001;2.983138256240636E-004;4.545866046100855E-003;
2.465166666666667E+009;-6.012702360749245E-002;-1.588006615638733E-001;2.624352637212724E-004;4.532731603831053E-003;
2.465333333333334E+009;-6.213254481554031E-002;-1.586388647556305E-001;7.391682011075318E-004;4.500830080360174E-003;
2.465500000000000E+009;-6.384117156267166E-002;-1.585444808006287E-001;8.903348934836686E-004;4.439991433173418E-003;
2.465666666666667E+009;-6.611754745244980E-002;-1.585059016942978E-001;1.186771085485816E-003;4.508662503212690E-003;
2.465833333333334E+009;-6.786402314901352E-002;-1.584917157888413E-001;1.389103475958109E-003;4.433771595358849E-003;
2.466000000000000E+009;-6.951523572206497E-002;-1.586967557668686E-001;1.430374570190907E-003;4.395265132188797E-003;
2.466166666666667E+009;-7.125845551490784E-002;-1.589223742485046E-001;1.694102538749576E-003;4.125671461224556E-003;
2.466333333333334E+009;-7.297477126121521E-002;-1.592124700546265E-001;1.928637153469026E-003;4.140948876738548E-003;
2.466500000000000E+009;-7.461482286453247E-002;-1.596566140651703E-001;2.017941325902939E-003;3.714651567861438E-003;
2.466666666666667E+009;-7.597888261079788E-002;-1.599617153406143E-001;2.158865798264742E-003;3.722392953932285E-003;
2.466833333333334E+009;-7.740057259798050E-002;-1.603181809186935E-001;2.318499842658639E-003;3.741317894309759E-003;
2.467000000000000E+009;-7.869298756122589E-002;-1.607166230678558E-001;2.547589363530278E-003;3.573104040697217E-003;
2.467166666666667E+009;-8.010339736938477E-002;-1.614246815443039E-001;2.505013952031732E-003;3.440483473241329E-003;
2.467333333333334E+009;-8.133834600448608E-002;-1.619533002376556E-001;2.747904509305954E-003;3.326731966808438E-003;
2.467500000000000E+009;-8.189911395311356E-002;-1.624258458614349E-001;2.795343054458499E-003;3.223677165806294E-003;
2.467666666666667E+009;-8.298845589160919E-002;-1.629291623830795E-001;2.893912605941296E-003;2.997227245941758E-003;
2.467833333333334E+009;-8.393111824989319E-002;-1.634606122970581E-001;2.934504067525268E-003;2.897929167374969E-003;
2.468000000000000E+009;-8.471096307039261E-002;-1.643284708261490E-001;2.856954000890255E-003;2.731481101363897E-003;
2.468166666666667E+009;-8.527740091085434E-002;-1.646609604358673E-001;3.058302914723754E-003;2.759234746918082E-003;
2.468333333333334E+009;-8.590724319219589E-002;-1.651516705751419E-001;3.082457697018981E-003;2.448532031849027E-003;
2.468500000000000E+009;-8.639636635780335E-002;-1.653881072998047E-001;2.974518341943622E-003;2.452577929943800E-003;
2.468666666666667E+009;-8.673865348100662E-002;-1.659587323665619E-001;2.987411106005311E-003;2.206185366958380E-003;
2.468833333333334E+009;-8.709810674190521E-002;-1.662999838590622E-001;3.004496218636632E-003;2.214082516729832E-003;
2.469000000000000E+009;-8.730001002550125E-002;-1.664634495973587E-001;2.978145843371749E-003;2.304143039509654E-003;
2.469166666666667E+009;-8.735745400190353E-002;-1.667323559522629E-001;3.067170735448599E-003;2.120325341820717E-003;
2.469333333333334E+009;-8.767703175544739E-002;-1.667620241641998E-001;3.020451636984944E-003;1.960439607501030E-003;
2.469500000000000E+009;-8.765709400177002E-002;-1.665865629911423E-001;2.941373502835631E-003;2.013443969190121E-003;
2.469666666666667E+009;-8.771766722202301E-002;-1.667199432849884E-001;3.007969120517373E-003;1.937372959218919E-003;
2.469833333333334E+009;-8.774066716432571E-002;-1.666498929262161E-001;3.070446429774165E-003;1.890670857392252E-003;
2.470000000000000E+009;-8.739745616912842E-002;-1.663323640823364E-001;3.233650699257851E-003;1.790711190551519E-003;
2.470166666666667E+009;-8.752744644880295E-002;-1.660710871219635E-001;3.072888590395451E-003;1.807937864214182E-003;
2.470333333333334E+009;-8.721221238374710E-002;-1.657209247350693E-001;3.209818853065372E-003;1.801024656742811E-003;
2.470500000000000E+009;-8.715426921844482E-002;-1.651551723480225E-001;3.240179968997836E-003;1.819869736209512E-003;
2.470666666666667E+009;-8.711797744035721E-002;-1.646188795566559E-001;3.299272386357188E-003;1.783163868822157E-003;
2.470833333333334E+009;-8.699465543031693E-002;-1.639698743820190E-001;3.230625297874212E-003;1.690576667897403E-003;
2.471000000000000E+009;-8.717466890811920E-002;-1.631241589784622E-001;3.325907513499260E-003;1.654428080655634E-003;
2.471166666666667E+009;-8.704447001218796E-002;-1.621088534593582E-001;3.466257825493813E-003;1.548472093418241E-003;
2.471333333333334E+009;-8.727511018514633E-002;-1.611506640911102E-001;3.562840865924954E-003;1.574860652908683E-003;
2.471500000000000E+009;-8.740694820880890E-002;-1.600899994373322E-001;3.587394487112761E-003;1.660460839048028E-003;
2.471666666666667E+009;-8.736175298690796E-002;-1.589121222496033E-001;3.703360445797443E-003;1.381209818646312E-003;
2.471833333333334E+009;-8.773441612720490E-002;-1.575330793857575E-001;3.881554119288921E-003;1.542366109788418E-003;
2.472000000000000E+009;-8.798324316740036E-002;-1.561295986175537E-001;3.848332678899169E-003;1.547829830087721E-003;
2.472166666666667E+009;-8.833548426628113E-002;-1.545684337615967E-001;3.844306105747819E-003;1.431582728400827E-003;
2.472333333333334E+009;-8.885911852121353E-002;-1.531881988048554E-001;3.954298328608275E-003;1.458876533433795E-003;
2.472500000000000E+009;-8.926292508840561E-002;-1.515296548604965E-001;4.211510065943003E-003;1.397887011989951E-003;
2.472666666666667E+009;-8.975347876548767E-002;-1.500402390956879E-001;4.360594321042299E-003;1.263113226741552E-003;
2.472833333333334E+009;-9.052275121212006E-002;-1.481733322143555E-001;4.464549478143454E-003;1.164938439615071E-003;
2.473000000000000E+009;-9.105026721954346E-002;-1.464506387710571E-001;4.579854197800160E-003;9.952912805601955E-004;
2.473166666666667E+009;-9.227422624826431E-002;-1.447516679763794E-001;4.721857141703367E-003;1.004334655590355E-003;
2.473333333333334E+009;-9.293349832296372E-002;-1.429355889558792E-001;4.963147453963757E-003;1.055595115758479E-003;
2.473500000000000E+009;-9.424649924039841E-002;-1.411124616861343E-001;5.101727787405253E-003;8.189287618733943E-004;
2.473666666666667E+009;-9.534370899200440E-002;-1.394005119800568E-001;5.314589943736792E-003;6.528306403197348E-004;
2.473833333333334E+009;-9.636119753122330E-002;-1.376387476921082E-001;5.290113389492035E-003;4.186524602118880E-004;
2.474000000000000E+009;-9.789346158504486E-002;-1.359026432037354E-001;5.555437877774239E-003;3.075532731600106E-004;
2.474166666666667E+009;-9.889199584722519E-002;-1.341056227684021E-001;5.722396075725555E-003;9.125981887336820E-005;
2.474333333333334E+009;-1.004895195364952E-001;-1.323078572750092E-001;6.015841849148274E-003;-1.079075082088821E-004;
2.474500000000000E+009;-1.020052805542946E-001;-1.308033466339111E-001;6.076321471482515E-003;-3.750580654013902E-004;
2.474666666666667E+009;-1.034437790513039E-001;-1.292851120233536E-001;6.219038274139166E-003;-4.529817961156368E-004;
2.474833333333334E+009;-1.051164790987968E-001;-1.278548389673233E-001;6.371503230184317E-003;-7.893271395005286E-004;
2.475000000000000E+009;-1.067707389593124E-001;-1.263560801744461E-001;6.338136736303568E-003;-1.216748962178826E-003;
2.475166666666667E+009;-1.085017472505570E-001;-1.250518262386322E-001;6.499358918517828E-003;-1.492886687628925E-003;
2.475333333333334E+009;-1.099638193845749E-001;-1.237190216779709E-001;6.489535328000784E-003;-2.070635790005326E-003;
2.475500000000000E+009;-1.117770671844482E-001;-1.224451065063477E-001;6.667328532785177E-003;-2.498906105756760E-003;
2.475666666666667E+009;-1.134198978543282E-001;-1.215413585305214E-001;6.521461065858603E-003;-3.014209214597940E-003;
2.475833333333334E+009;-1.151593774557114E-001;-1.206153705716133E-001;6.616470403969288E-003;-3.388133598491550E-003;
2.476000000000000E+009;-1.166780516505241E-001;-1.196308434009552E-001;6.462939083576202E-003;-3.808332607150078E-003;
2.476166666666667E+009;-1.185613125562668E-001;-1.188980191946030E-001;6.330153904855251E-003;-4.144441336393356E-003;
2.476333333333334E+009;-1.201029568910599E-001;-1.181980967521668E-001;6.089088041335344E-003;-4.632954485714436E-003;
2.476500000000000E+009;-1.219260394573212E-001;-1.175869703292847E-001;5.856464151293039E-003;-5.036964546889067E-003;
2.476666666666667E+009;-1.234095171093941E-001;-1.172660812735558E-001;5.612011998891830E-003;-5.428123287856579E-003;
2.476833333333334E+009;-1.249333173036575E-001;-1.167429164052010E-001;5.202341824769974E-003;-5.774799734354019E-003;
2.477000000000000E+009;-1.267516613006592E-001;-1.164510697126389E-001;5.056961905211210E-003;-6.011136341840029E-003;
2.477166666666667E+009;-1.282807588577271E-001;-1.163945049047470E-001;4.592875484377146E-003;-6.393975112587214E-003;
2.477333333333334E+009;-1.296128481626511E-001;-1.161485016345978E-001;4.131971858441830E-003;-6.685498170554638E-003;
2.477500000000000E+009;-1.310703307390213E-001;-1.159400790929794E-001;3.785556880757213E-003;-6.806311663240194E-003;
2.477666666666667E+009;-1.326292455196381E-001;-1.160123124718666E-001;3.361391369253397E-003;-6.972636561840773E-003;
2.477833333333334E+009;-1.338342726230621E-001;-1.157964244484901E-001;2.884345827624202E-003;-7.204609923064709E-003;
2.478000000000000E+009;-1.351157128810883E-001;-1.159466207027435E-001;2.407366409897804E-003;-7.242061197757721E-003;
2.478166666666667E+009;-1.360824406147003E-001;-1.158600822091103E-001;2.079772530123591E-003;-7.202079519629479E-003;
2.478333333333334E+009;-1.371510624885559E-001;-1.158076077699661E-001;1.843771548010409E-003;-7.112705148756504E-003;
2.478500000000000E+009;-1.382701843976975E-001;-1.156379580497742E-001;1.306143472902477E-003;-7.323930971324444E-003;
2.478666666666667E+009;-1.390661895275116E-001;-1.156236231327057E-001;8.987694745883346E-004;-7.169543299823999E-003;
2.478833333333334E+009;-1.398255378007889E-001;-1.155151575803757E-001;4.085508408024907E-004;-7.162022870033979E-003;
2.479000000000000E+009;-1.404661238193512E-001;-1.153772473335266E-001;-7.467538671335205E-005;-7.238714490085840E-003;
2.479166666666667E+009;-1.410657912492752E-001;-1.152668371796608E-001;-3.279775555711240E-004;-6.906257942318916E-003;
2.479333333333334E+009;-1.415992975234985E-001;-1.149357333779335E-001;-6.340080290101469E-004;-6.865500006824732E-003;
2.479500000000000E+009;-1.419872641563416E-001;-1.147948354482651E-001;-1.044622040353715E-003;-6.516487803310156E-003;
2.479666666666667E+009;-1.424050182104111E-001;-1.145134642720223E-001;-1.305211219005287E-003;-6.369680166244507E-003;
2.479833333333334E+009;-1.426172554492950E-001;-1.140131205320358E-001;-1.586298574693501E-003;-6.299943663179874E-003;
2.480000000000000E+009;-1.426909416913986E-001;-1.135370209813118E-001;-1.841784338466823E-003;-5.927627906203270E-003;
2.480166666666667E+009;-1.428391188383102E-001;-1.130242049694061E-001;-2.048421651124954E-003;-5.688190925866365E-003;
2.480333333333334E+009;-1.427711695432663E-001;-1.125576198101044E-001;-2.299778629094362E-003;-5.494433920830488E-003;
2.480500000000000E+009;-1.427023261785507E-001;-1.117766723036766E-001;-2.307381015270948E-003;-5.197923630475998E-003;
2.480666666666667E+009;-1.424503326416016E-001;-1.112012118101120E-001;-2.578113460913301E-003;-4.923605360090733E-003;
2.480833333333334E+009;-1.423706561326981E-001;-1.102156192064285E-001;-2.764672273769975E-003;-4.651178605854511E-003;
2.481000000000000E+009;-1.422414034605026E-001;-1.092661395668984E-001;-2.637728815898299E-003;-4.535867832601070E-003;
2.481166666666667E+009;-1.421585679054260E-001;-1.082413494586945E-001;-2.722674980759621E-003;-4.316158127039671E-003;
2.481333333333334E+009;-1.418472826480866E-001;-1.073049679398537E-001;-2.729159314185381E-003;-3.902317257598043E-003;
2.481500000000000E+009;-1.416406333446503E-001;-1.061509475111961E-001;-2.874711761251092E-003;-3.752112621441484E-003;
2.481666666666667E+009;-1.412411630153656E-001;-1.049502864480019E-001;-2.797690453007817E-003;-3.538691205903888E-003;
2.481833333333334E+009;-1.411427557468414E-001;-1.038160771131516E-001;-2.817531116306782E-003;-3.457980928942561E-003;
2.482000000000000E+009;-1.409576088190079E-001;-1.021887212991715E-001;-2.846971619874239E-003;-3.335595596581698E-003;
2.482166666666667E+009;-1.408130228519440E-001;-1.009408086538315E-001;-2.725094789639115E-003;-3.029766725376248E-003;
2.482333333333334E+009;-1.407178789377213E-001;-9.949158132076263E-002;-2.714096801355481E-003;-2.992396242916584E-003;
2.482500000000000E+009;-1.405568569898605E-001;-9.803718328475952E-002;-2.840265166014433E-003;-2.810569247230887E-003;
2.482666666666667E+009;-1.405073702335358E-001;-9.653659909963608E-002;-2.766521181911230E-003;-2.704825717955828E-003;
2.482833333333334E+009;-1.403309106826782E-001;-9.493406116962433E-002;-2.552705118432641E-003;-2.639085985720158E-003;
2.483000000000000E+009;-1.405077874660492E-001;-9.300284087657929E-002;-2.589208539575338E-003;-2.463071141391993E-003;
2.483166666666667E+009;-1.404517889022827E-001;-9.137241542339325E-002;-2.610346069559455E-003;-2.481206553056836E-003;
2.483333333333334E+009;-1.407752782106400E-001;-8.958032727241516E-002;-2.416401403024793E-003;-2.378083067014813E-003;
2.483500000000000E+009;-1.410229206085205E-001;-8.793915808200836E-002;-2.530962228775024E-003;-2.280514221638441E-003;
2.483666666666667E+009;-1.412247568368912E-001;-8.599790185689926E-002;-2.515055937692523E-003;-2.259569475427270E-003;
2.483833333333334E+009;-1.416264325380325E-001;-8.426171541213989E-002;-2.422020770609379E-003;-2.180353039875627E-003;
2.484000000000000E+009;-1.417683064937592E-001;-8.235153555870056E-002;-2.355853794142604E-003;-2.246298361569643E-003;
2.484166666666667E+009;-1.423435211181641E-001;-8.048867434263229E-002;-2.328726230189204E-003;-2.224767114967108E-003;
2.484333333333334E+009;-1.428192406892777E-001;-7.879108190536499E-002;-2.294354373589158E-003;-2.067283494397998E-003;
2.484500000000000E+009;-1.432445645332336E-001;-7.690872251987457E-002;-2.124532358720899E-003;-2.255655126646161E-003;
2.484666666666667E+009;-1.437862217426300E-001;-7.529044151306152E-002;-2.312506781890988E-003;-2.280137967318296E-003;
2.484833333333334E+009;-1.444102674722672E-001;-7.338760793209076E-002;-2.192968502640724E-003;-2.574909245595336E-003;
2.485000000000000E+009;-1.451120823621750E-001;-7.180584222078323E-002;-2.266535535454750E-003;-2.353253075852990E-003;
2.485166666666667E+009;-1.457784920930862E-001;-7.011906057596207E-002;-2.201161812990904E-003;-2.284929854795337E-003;
2.485333333333334E+009;-1.466180533170700E-001;-6.869434565305710E-002;-2.253226004540920E-003;-2.521241549402475E-003;
2.485500000000000E+009;-1.474453061819077E-001;-6.696777790784836E-002;-2.300320193171501E-003;-2.647058572620153E-003;
2.485666666666667E+009;-1.480235457420349E-001;-6.581254303455353E-002;-2.547315321862698E-003;-2.446405822411180E-003;
2.485833333333334E+009;-1.489696204662323E-001;-6.451879441738129E-002;-2.571749035269022E-003;-2.687790896743536E-003;
2.486000000000000E+009;-1.499851495027542E-001;-6.313183158636093E-002;-2.706540981307626E-003;-2.774785039946437E-003;
2.486166666666667E+009;-1.507899463176727E-001;-6.182619929313660E-002;-2.574884332716465E-003;-2.719523385167122E-003;
2.486333333333334E+009;-1.516154855489731E-001;-6.060477718710899E-002;-2.889322582632303E-003;-2.847869414836168E-003;
2.486500000000000E+009;-1.528182327747345E-001;-5.949851125478745E-002;-2.991803688928485E-003;-2.956816926598549E-003;
2.486666666666667E+009;-1.536864936351776E-001;-5.854350328445435E-002;-3.240066813305020E-003;-2.912895288318396E-003;
2.486833333333334E+009;-1.545396298170090E-001;-5.742530897259712E-002;-3.453816054388881E-003;-3.080309368669987E-003;
2.487000000000000E+009;-1.555485427379608E-001;-5.647028237581253E-002;-3.569452092051506E-003;-3.111890284344554E-003;
2.487166666666667E+009;-1.562302559614182E-001;-5.557725206017494E-002;-3.775076474994421E-003;-2.827542833983898E-003;
2.487333333333334E+009;-1.572103500366211E-001;-5.461566895246506E-002;-4.119462799280882E-003;-2.964230952784419E-003;
2.487500000000000E+009;-1.579465121030808E-001;-5.359302461147308E-002;-4.452436231076717E-003;-2.620355924591422E-003;
2.487666666666667E+009;-1.587497442960739E-001;-5.272223055362701E-002;-4.600448068231344E-003;-2.688955748453736E-003;
2.487833333333334E+009;-1.594029963016510E-001;-5.194868147373200E-002;-5.032327491790056E-003;-2.585605252534151E-003;
2.488000000000000E+009;-1.600712686777115E-001;-5.113586038351059E-002;-5.096064880490303E-003;-2.285326598212123E-003;
2.488166666666667E+009;-1.606643497943878E-001;-5.015442520380020E-002;-5.436713807284832E-003;-2.111598150804639E-003;
2.488333333333334E+009;-1.610270440578461E-001;-4.947736114263535E-002;-5.578331649303436E-003;-1.806540880352259E-003;
2.488500000000000E+009;-1.616313904523850E-001;-4.856656864285469E-002;-5.806596484035254E-003;-1.598455477505922E-003;
2.488666666666667E+009;-1.618891358375549E-001;-4.783206433057785E-002;-5.660066846758127E-003;-1.148953684605658E-003;
2.488833333333334E+009;-1.622193455696106E-001;-4.721036180853844E-002;-5.953043233603239E-003;-8.621250744909048E-004;
2.489000000000000E+009;-1.624605953693390E-001;-4.623104631900787E-002;-6.065923720598221E-003;-5.209358059801161E-004;
2.489166666666667E+009;-1.626053899526596E-001;-4.540487378835678E-002;-6.028898060321808E-003;-1.947445562109351E-004;
2.489333333333334E+009;-1.628738790750504E-001;-4.458621516823769E-002;-6.018967367708683E-003;1.610340696061030E-004;
2.489500000000000E+009;-1.629215627908707E-001;-4.382259398698807E-002;-5.992496386170387E-003;4.163672856520861E-004;
2.489666666666667E+009;-1.629321575164795E-001;-4.294887185096741E-002;-5.891368258744478E-003;8.821841911412776E-004;
2.489833333333334E+009;-1.628595143556595E-001;-4.194481670856476E-002;-5.740140564739704E-003;1.284429221414030E-003;
2.490000000000000E+009;-1.627836972475052E-001;-4.111458733677864E-002;-5.727297626435757E-003;1.301893265917897E-003;
2.490166666666667E+009;-1.626447737216950E-001;-4.001676291227341E-002;-5.654590670019388E-003;1.762085361406207E-003;
2.490333333333334E+009;-1.625575423240662E-001;-3.905675932765007E-002;-5.403292831033468E-003;1.956785796210170E-003;
2.490500000000000E+009;-1.623118519783020E-001;-3.785355016589165E-002;-5.288443062454462E-003;2.059875056147575E-003;
2.490666666666667E+009;-1.621552407741547E-001;-3.676504641771317E-002;-4.898429848253727E-003;2.478128997609019E-003;
2.490833333333334E+009;-1.620193719863892E-001;-3.551008924841881E-002;-4.695959389209747E-003;2.670597517862916E-003;
2.491000000000000E+009;-1.617715805768967E-001;-3.425472229719162E-002;-4.607983864843845E-003;2.639746759086847E-003;
2.491166666666667E+009;-1.614481210708618E-001;-3.278918564319611E-002;-4.479911178350449E-003;2.715936396270990E-003;
2.491333333333334E+009;-1.614399701356888E-001;-3.140898793935776E-002;-4.231036175042391E-003;2.876891754567623E-003;
2.491500000000000E+009;-1.611820012331009E-001;-2.998397685587406E-002;-3.940205555409193E-003;2.907286165282130E-003;
2.491666666666667E+009;-1.611227989196777E-001;-2.839325927197933E-002;-3.878003684803844E-003;2.983058802783489E-003;
2.491833333333334E+009;-1.610562503337860E-001;-2.674017287790775E-002;-3.603029530495405E-003;2.895859768614173E-003;
2.492000000000000E+009;-1.608893275260925E-001;-2.514129504561424E-002;-3.530415939167142E-003;2.980506047606468E-003;
2.492166666666667E+009;-1.608903408050537E-001;-2.312009409070015E-002;-3.436580533161759E-003;2.952475333586335E-003;
2.492333333333334E+009;-1.609860360622406E-001;-2.138893492519856E-002;-3.433436155319214E-003;2.942110411822796E-003;
2.492500000000000E+009;-1.607851088047028E-001;-1.952034793794155E-002;-3.289502579718828E-003;2.976340474560857E-003;
2.492666666666667E+009;-1.607894748449326E-001;-1.756648905575275E-002;-3.222109051421285E-003;3.026400459930301E-003;
2.492833333333334E+009;-1.606063544750214E-001;-1.548128947615624E-002;-3.192377043887973E-003;2.966002561151981E-003;
2.493000000000000E+009;-1.609320789575577E-001;-1.350439619272947E-002;-3.107901895418763E-003;2.922771731391549E-003;
2.493166666666667E+009;-1.609794199466705E-001;-1.157043129205704E-002;-3.033184446394444E-003;2.897333120927215E-003;
2.493333333333334E+009;-1.609707474708557E-001;-9.770825505256653E-003;-3.056640969589353E-003;3.126238705590367E-003;
2.493500000000000E+009;-1.611485183238983E-001;-7.422135211527348E-003;-3.101193811744452E-003;3.242573933675885E-003;
2.493666666666667E+009;-1.614667028188705E-001;-5.274163559079170E-003;-3.054203931242228E-003;3.338984446600080E-003;
2.493833333333334E+009;-1.616851687431335E-001;-3.318468574434519E-003;-2.925252309069037E-003;3.398807486519218E-003;
2.494000000000000E+009;-1.619530469179153E-001;-1.177401980385184E-003;-2.858007559552789E-003;3.570884000509977E-003;
2.494166666666667E+009;-1.621493697166443E-001;7.373290718533099E-004;-2.730218693614006E-003;3.670164383947849E-003;
2.494333333333334E+009;-1.625809520483017E-001;2.580687170848250E-003;-2.541857771575451E-003;3.750594798475504E-003;
2.494500000000000E+009;-1.631115823984146E-001;4.581398796290159E-003;-2.459330018609762E-003;3.916082903742790E-003;
2.494666666666667E+009;-1.631970554590225E-001;6.670951843261719E-003;-2.475232817232609E-003;3.959782421588898E-003;
2.494833333333334E+009;-1.637959927320480E-001;8.334534242749214E-003;-2.334449905902147E-003;4.084887914359570E-003;
2.495000000000000E+009;-1.643134057521820E-001;9.916217997670174E-003;-2.060084603726864E-003;4.082631319761276E-003;
2.495166666666667E+009;-1.649179011583328E-001;1.184361986815929E-002;-2.060221042484045E-003;4.176815040409565E-003;
2.495333333333334E+009;-1.654964089393616E-001;1.345256809145212E-002;-1.850384986028075E-003;4.331156611442566E-003;
2.495500000000000E+009;-1.659388989210129E-001;1.500648353248835E-002;-1.954463077709079E-003;4.156820941716433E-003;
2.495666666666667E+009;-1.666572839021683E-001;1.661518588662148E-002;-1.762001542374492E-003;4.263346083462238E-003;
2.495833333333334E+009;-1.669372618198395E-001;1.805661246180534E-002;-1.388645265251398E-003;4.325324203819037E-003;
2.496000000000000E+009;-1.673362106084824E-001;1.932920888066292E-002;-1.486728899180889E-003;4.413284361362457E-003;
2.496166666666667E+009;-1.679233014583588E-001;2.068982832133770E-002;-1.227590837515891E-003;4.415752831846476E-003;
2.496333333333334E+009;-1.687953472137451E-001;2.189421653747559E-002;-1.244705403223634E-003;4.500974901020527E-003;
2.496500000000000E+009;-1.688914448022842E-001;2.309801243245602E-002;-1.061636139638722E-003;4.602943081408739E-003;
2.496666666666667E+009;-1.696436256170273E-001;2.424640767276287E-002;-9.799237595871091E-004;4.516670480370522E-003;
2.496833333333334E+009;-1.696861237287521E-001;2.526342682540417E-002;-9.459037100896239E-004;4.537479020655155E-003;
2.497000000000000E+009;-1.702260226011276E-001;2.638501673936844E-002;-7.433277787640691E-004;4.704016260802746E-003;
2.497166666666667E+009;-1.703980118036270E-001;2.726062946021557E-002;-4.982362152077258E-004;4.643927328288555E-003;
2.497333333333334E+009;-1.707371324300766E-001;2.800793014466763E-002;-4.706721229013056E-004;4.735535942018032E-003;
2.497500000000000E+009;-1.709608286619186E-001;2.884000167250633E-002;-1.226816675625742E-004;4.729543346911669E-003;
2.497666666666667E+009;-1.706654578447342E-001;2.989168092608452E-002;-2.741416392382234E-004;4.623650573194027E-003;
2.497833333333334E+009;-1.709594279527664E-001;3.057473897933960E-002;-6.514236156363040E-005;4.491023719310761E-003;
2.498000000000000E+009;-1.707654595375061E-001;3.147704526782036E-002;3.444264075369574E-005;4.732444882392883E-003;
2.498166666666667E+009;-1.705698817968369E-001;3.231658414006233E-002;2.360004145884886E-004;4.737572744488716E-003;
2.498333333333334E+009;-1.703371405601502E-001;3.319682925939560E-002;4.024988156743348E-004;4.580590408295393E-003;
2.498500000000000E+009;-1.700125336647034E-001;3.396981209516525E-002;5.031161708757281E-004;4.727787803858519E-003;
2.498666666666667E+009;-1.695624738931656E-001;3.469889238476753E-002;5.716020823456347E-004;4.743012599647045E-003;
2.498833333333334E+009;-1.693917959928513E-001;3.523508086800575E-002;6.811136845499277E-004;4.767485428601503E-003;
2.499000000000000E+009;-1.685384362936020E-001;3.628617897629738E-002;9.542370098643005E-004;4.621071740984917E-003;
2.499166666666667E+009;-1.678183376789093E-001;3.702632710337639E-002;1.056492561474443E-003;4.685336723923683E-003;
2.499333333333334E+009;-1.670001745223999E-001;3.808249905705452E-002;1.233875984326005E-003;4.616363905370235E-003;
2.499500000000000E+009;-1.663176119327545E-001;3.891292959451675E-002;1.439032959751785E-003;4.590676166117191E-003;
2.499666666666667E+009;-1.651899814605713E-001;3.997154161334038E-002;1.401466666720808E-003;4.580468405038118E-003;
2.499833333333334E+009;-1.644207388162613E-001;4.113155230879784E-002;1.674647675827146E-003;4.598005674779415E-003;
2.500000000000000E+009;-1.634703576564789E-001;4.231070727109909E-002;1.900101080536842E-003;4.555162042379379E-003;
