# Version 1.00
#
freq[Hz];re:Trc1_S11;im:Trc1_S11;re:Trc2_S21;im:Trc2_S21;
2.400000000000000E+009;1.580704003572464E-001;6.182689964771271E-002;1.980986708076671E-004;-1.226011430844665E-003;
2.400166666666667E+009;1.579696983098984E-001;6.046732142567635E-002;1.115710183512420E-004;-1.184370135888457E-003;
2.400333333333334E+009;1.579791307449341E-001;5.862441658973694E-002;2.366823027841747E-004;-1.452592550776899E-003;
2.400500000000000E+009;1.579889953136444E-001;5.672868341207504E-002;2.429652813589200E-004;-1.223669038154185E-003;
2.400666666666667E+009;1.579648703336716E-001;5.469572171568871E-002;3.545359941199422E-004;-1.233668066561222E-003;
2.400833333333334E+009;1.581617295742035E-001;5.291325226426125E-002;3.878638963215053E-004;-1.100502558983862E-003;
2.401000000000000E+009;1.583158671855927E-001;5.072343721985817E-002;3.931014798581600E-004;-1.353869331069291E-003;
2.401166666666667E+009;1.583590507507324E-001;4.866127669811249E-002;3.779217076953501E-004;-1.447894144803286E-003;
2.401333333333334E+009;1.584465652704239E-001;4.656642675399780E-002;4.646314191631973E-004;-1.464926288463175E-003;
2.401500000000000E+009;1.589530259370804E-001;4.480812698602676E-002;3.292119654361159E-004;-1.413192134350538E-003;
2.401666666666667E+009;1.591989099979401E-001;4.277972877025604E-002;2.449646708555520E-004;-1.532123191282153E-003;
2.401833333333334E+009;1.597993522882462E-001;4.053088277578354E-002;2.895679208450019E-004;-1.723758992739022E-003;
2.402000000000000E+009;1.599072813987732E-001;3.869933634996414E-002;3.318752860650420E-004;-1.946130883879960E-003;
2.402166666666667E+009;1.605471521615982E-001;3.678652644157410E-002;2.577974228188396E-004;-2.050605602562428E-003;
2.402333333333334E+009;1.611619591712952E-001;3.498131781816483E-002;4.840571637032554E-005;-1.915075234137476E-003;
2.402500000000000E+009;1.619753092527390E-001;3.314866870641708E-002;1.612701598787680E-004;-1.950817531906068E-003;
2.402666666666667E+009;1.624937951564789E-001;3.163119405508041E-002;-6.436998955905438E-005;-2.081107581034303E-003;
2.402833333333334E+009;1.632808893918991E-001;2.987937442958355E-002;-1.587556907907128E-004;-2.215636195614934E-003;
2.403000000000000E+009;1.639539450407028E-001;2.814197912812233E-002;-1.383635535603389E-004;-2.262611640617251E-003;
2.403166666666667E+009;1.650470346212387E-001;2.675548009574413E-002;-3.675039042718709E-004;-2.233529230579734E-003;
2.403333333333334E+009;1.657914072275162E-001;2.520394511520863E-002;-2.960971614811570E-004;-2.340765669941902E-003;
2.403500000000000E+009;1.666807979345322E-001;2.387979812920094E-002;-4.405656072776765E-004;-2.352572046220303E-003;
2.403666666666667E+009;1.676899194717407E-001;2.242319844663143E-002;-7.155630155466497E-004;-2.229394158348441E-003;
2.403833333333334E+009;1.686521917581558E-001;2.116457931697369E-002;-8.042155532166362E-004;-2.296215621754527E-003;
2.404000000000000E+009;1.697554439306259E-001;1.996356435120106E-002;-8.230171515606344E-004;-2.396209631115198E-003;
2.404166666666667E+009;1.703862100839615E-001;1.887642219662666E-002;-1.069864840246737E-003;-2.219982445240021E-003;
2.404333333333334E+009;1.714198142290115E-001;1.779215969145298E-002;-1.393690006807447E-003;-2.225609263405204E-003;
2.404500000000000E+009;1.724131554365158E-001;1.664363220334053E-002;-1.319506554864347E-003;-2.361194929108024E-003;
2.404666666666667E+009;1.731443852186203E-001;1.604343950748444E-002;-1.275625545531511E-003;-2.223426708951592E-003;
2.404833333333334E+009;1.741957962512970E-001;1.507024932652712E-002;-1.518053933978081E-003;-1.948113669641316E-003;
2.405000000000000E+009;1.749570816755295E-001;1.441203057765961E-002;-1.573399873450398E-003;-2.123456215485930E-003;
2.405166666666667E+009;1.756883710622788E-001;1.372094545513392E-002;-1.577184768393636E-003;-2.051298273727298E-003;
2.405333333333334E+009;1.766301691532135E-001;1.294152718037367E-002;-1.750214607454836E-003;-1.983642578125000E-003;
2.405500000000000E+009;1.772916615009308E-001;1.256935391575098E-002;-1.757282996550202E-003;-1.662931288592517E-003;
2.405666666666667E+009;1.778754591941834E-001;1.221495401114225E-002;-1.912905368953943E-003;-1.815287163481116E-003;
2.405833333333334E+009;1.783331483602524E-001;1.176139712333679E-002;-1.918619964271784E-003;-1.772259711287916E-003;
2.406000000000000E+009;1.790767312049866E-001;1.120435819029808E-002;-1.903409487567842E-003;-1.672236365266144E-003;
2.406166666666667E+009;1.793040335178375E-001;1.104409061372280E-002;-2.177144167944789E-003;-1.602954696863890E-003;
2.406333333333334E+009;1.798352003097534E-001;1.057822164148092E-002;-2.157731447368860E-003;-1.288537285290659E-003;
2.406500000000000E+009;1.799896806478500E-001;1.010900549590588E-002;-2.181048039346933E-003;-1.277394825592637E-003;
2.406666666666667E+009;1.801317036151886E-001;9.835203178226948E-003;-2.305176341906190E-003;-1.243110746145248E-003;
2.406833333333334E+009;1.803150326013565E-001;9.435518644750118E-003;-2.236694097518921E-003;-1.236084033735097E-003;
2.407000000000000E+009;1.803883463144302E-001;8.989634923636913E-003;-2.238193526864052E-003;-1.113949459977448E-003;
2.407166666666667E+009;1.806203275918961E-001;8.739299140870571E-003;-2.294915495440364E-003;-1.166353584267199E-003;
2.407333333333334E+009;1.801456660032272E-001;8.132642135024071E-003;-2.504772040992975E-003;-8.861967362463474E-004;
2.407500000000000E+009;1.802123039960861E-001;7.942118681967259E-003;-2.430566819384694E-003;-8.043994312174618E-004;
2.407666666666667E+009;1.799196451902390E-001;7.379567716270685E-003;-2.494548680260778E-003;-6.260819500312209E-004;
2.407833333333334E+009;1.795510798692703E-001;6.752730812877417E-003;-2.368929795920849E-003;-5.735697923228145E-004;
2.408000000000000E+009;1.791701316833496E-001;6.061040330678225E-003;-2.438098657876253E-003;-4.331561212893575E-004;
2.408166666666667E+009;1.789242327213287E-001;5.489468574523926E-003;-2.405633451417089E-003;-4.079118079971522E-004;
2.408333333333334E+009;1.785447746515274E-001;4.760970361530781E-003;-2.113613300025463E-003;-3.035061818081886E-004;
2.408500000000000E+009;1.777949929237366E-001;3.985854331403971E-003;-2.463512588292360E-003;-1.770419039530680E-004;
2.408666666666667E+009;1.773486286401749E-001;2.961103571578860E-003;-2.294952748343349E-003;-1.057045737979934E-004;
2.408833333333334E+009;1.766107231378555E-001;1.965732080861926E-003;-2.220666967332363E-003;9.656713518779725E-005;
2.409000000000000E+009;1.758186221122742E-001;1.017111120745540E-003;-2.067769644781947E-003;-1.371656544506550E-004;
2.409166666666667E+009;1.752456724643707E-001;-2.662419283296913E-004;-2.212648512795568E-003;-2.913748721766751E-005;
2.409333333333334E+009;1.748180389404297E-001;-1.442565931938589E-003;-1.982104498893023E-003;1.168609960586764E-004;
2.409500000000000E+009;1.740013957023621E-001;-2.835823455825448E-003;-2.025922061875463E-003;1.224284205818549E-004;
2.409666666666667E+009;1.732801944017410E-001;-4.221404436975718E-003;-1.982809975743294E-003;3.267264110036194E-004;
2.409833333333334E+009;1.725679039955139E-001;-5.505050066858530E-003;-1.999313943088055E-003;7.122023816918954E-005;
2.410000000000000E+009;1.721506714820862E-001;-6.860516499727964E-003;-1.959726447239518E-003;3.074489068239927E-004;
2.410166666666667E+009;1.716037839651108E-001;-8.645158261060715E-003;-1.794163137674332E-003;2.778816560748965E-004;
2.410333333333334E+009;1.708546429872513E-001;-1.022970117628574E-002;-1.833085436373949E-003;3.642496594693512E-004;
2.410500000000000E+009;1.703925281763077E-001;-1.185708027333021E-002;-1.867733430117369E-003;3.172070428263396E-004;
2.410666666666667E+009;1.699146479368210E-001;-1.374980155378580E-002;-1.837052521295846E-003;2.046618756139651E-004;
2.410833333333334E+009;1.695252507925034E-001;-1.543076988309622E-002;-1.728973351418972E-003;1.925420219777152E-004;
2.411000000000000E+009;1.692388057708740E-001;-1.728048361837864E-002;-1.866791513748467E-003;4.155024944338948E-004;
2.411166666666667E+009;1.687479317188263E-001;-1.918716728687286E-002;-1.897953799925745E-003;1.986248535104096E-004;
2.411333333333334E+009;1.685692369937897E-001;-2.101311087608337E-002;-1.881801756098867E-003;1.752089883666486E-004;
2.411500000000000E+009;1.684312969446182E-001;-2.309441193938255E-002;-1.933850697241724E-003;2.582725719548762E-004;
2.411666666666667E+009;1.684076637029648E-001;-2.507759258151054E-002;-2.001068089157343E-003;2.754277666099370E-004;
2.411833333333334E+009;1.685861796140671E-001;-2.678332850337029E-002;-2.005747519433498E-003;3.994987346231937E-004;
2.412000000000000E+009;1.683967262506485E-001;-2.875823713839054E-002;-2.053053118288517E-003;3.457322018221021E-004;
2.412166666666667E+009;1.684045046567917E-001;-3.064934536814690E-002;-2.012055832892656E-003;3.452585369814187E-004;
2.412333333333334E+009;1.688144207000732E-001;-3.245936334133148E-002;-1.963776769116521E-003;5.672297556884587E-004;
2.412500000000000E+009;1.689261645078659E-001;-3.419388085603714E-002;-2.127327956259251E-003;5.092801875434816E-004;
2.412666666666667E+009;1.691769957542419E-001;-3.628291562199593E-002;-2.088861074298620E-003;5.963029689155519E-004;
2.412833333333334E+009;1.696306616067886E-001;-3.807334601879120E-002;-2.047927584499121E-003;7.651907508261502E-004;
2.413000000000000E+009;1.698602735996246E-001;-3.973348438739777E-002;-2.150333486497402E-003;7.037095492705703E-004;
2.413166666666667E+009;1.702515780925751E-001;-4.145102575421333E-002;-2.297938102856278E-003;6.527784862555563E-004;
2.413333333333334E+009;1.706838309764862E-001;-4.320050403475761E-002;-2.219335641711950E-003;9.168907417915762E-004;
2.413500000000000E+009;1.710846126079559E-001;-4.484811797738075E-002;-2.277341904118657E-003;9.332550689578056E-004;
2.413666666666667E+009;1.717273145914078E-001;-4.636469110846520E-002;-2.093236893415451E-003;1.132896402850747E-003;
2.413833333333334E+009;1.721616089344025E-001;-4.782763868570328E-002;-2.042041392996907E-003;1.282287412323058E-003;
2.414000000000000E+009;1.725248098373413E-001;-4.923360422253609E-002;-2.114791190251708E-003;1.397627172991633E-003;
2.414166666666667E+009;1.732206791639328E-001;-5.038773640990257E-002;-2.223360817879438E-003;1.356225344352424E-003;
2.414333333333334E+009;1.736471951007843E-001;-5.160824209451675E-002;-2.100068842992187E-003;1.534435432404280E-003;
2.414500000000000E+009;1.744024902582169E-001;-5.263676121830940E-002;-2.090106252580881E-003;1.552400877699256E-003;
2.414666666666667E+009;1.748711913824081E-001;-5.371142551302910E-002;-2.026812871918082E-003;1.652631326578558E-003;
2.414833333333334E+009;1.750800013542175E-001;-5.471907928586006E-002;-1.853939029388130E-003;1.597746624611318E-003;
2.415000000000000E+009;1.755716800689697E-001;-5.563567951321602E-002;-1.834305119700730E-003;1.866176840849221E-003;
2.415166666666667E+009;1.760767549276352E-001;-5.632958561182022E-002;-1.883276505395770E-003;1.862288336269558E-003;
2.415333333333334E+009;1.764602214097977E-001;-5.708539485931397E-002;-1.765410415828228E-003;1.949291327036917E-003;
2.415500000000000E+009;1.767752468585968E-001;-5.777685344219208E-002;-1.755925826728344E-003;1.840031123720110E-003;
2.415666666666667E+009;1.769672334194183E-001;-5.818367004394531E-002;-1.684644608758390E-003;2.062526531517506E-003;
2.415833333333334E+009;1.771986186504364E-001;-5.886420980095863E-002;-1.703433226794004E-003;2.233275212347508E-003;
2.416000000000000E+009;1.771029680967331E-001;-5.917296186089516E-002;-1.551083638332784E-003;2.236724598333240E-003;
2.416166666666667E+009;1.773363053798676E-001;-5.961858853697777E-002;-1.481938175857067E-003;2.183540491387248E-003;
2.416333333333334E+009;1.772825866937637E-001;-5.988400429487228E-002;-1.534080016426742E-003;2.457963768392801E-003;
2.416500000000000E+009;1.770607680082321E-001;-6.023994833230972E-002;-1.370711834169924E-003;2.425129758194089E-003;
2.416666666666667E+009;1.768141984939575E-001;-6.049047783017159E-002;-1.200758619233966E-003;2.532335929572582E-003;
2.416833333333334E+009;1.766370385885239E-001;-6.091531366109848E-002;-1.117539359256625E-003;2.567580202594400E-003;
2.417000000000000E+009;1.761922091245651E-001;-6.116582080721855E-002;-9.861760772764683E-004;2.570806769654155E-003;
2.417166666666667E+009;1.755560040473938E-001;-6.125311180949211E-002;-8.790029096417129E-004;2.643155632540584E-003;
2.417333333333334E+009;1.752667874097824E-001;-6.142931804060936E-002;-1.013781526125968E-003;2.654386218637228E-003;
2.417500000000000E+009;1.744335442781448E-001;-6.187725439667702E-002;-8.354749879799783E-004;2.680777339264751E-003;
2.417666666666667E+009;1.739214509725571E-001;-6.198447942733765E-002;-7.216639351099730E-004;2.835895866155624E-003;
2.417833333333334E+009;1.731010526418686E-001;-6.239356100559235E-002;-6.727328291162849E-004;2.875864738598466E-003;
2.418000000000000E+009;1.721252053976059E-001;-6.280650943517685E-002;-4.118736542295665E-004;2.701697172597051E-003;
2.418166666666667E+009;1.711422652006149E-001;-6.287922710180283E-002;-3.665225813165307E-004;2.902734791859984E-003;
2.418333333333334E+009;1.705375760793686E-001;-6.345656514167786E-002;-4.252290236763656E-004;2.845472656190395E-003;
2.418500000000000E+009;1.693001985549927E-001;-6.381893157958984E-002;-1.148958981502801E-004;2.787636360153556E-003;
2.418666666666667E+009;1.684057861566544E-001;-6.440663337707520E-002;-7.221919804578647E-005;2.916532801464200E-003;
2.418833333333334E+009;1.671069860458374E-001;-6.497702747583389E-002;1.022339565679431E-004;2.811255399137735E-003;
2.419000000000000E+009;1.658731997013092E-001;-6.564236432313919E-002;1.913494925247505E-004;2.718687755987048E-003;
2.419166666666667E+009;1.648085713386536E-001;-6.615605205297470E-002;1.845618389779702E-004;2.712035086005926E-003;
2.419333333333334E+009;1.634592115879059E-001;-6.685010343790054E-002;4.233483923599124E-004;2.709317719563842E-003;
2.419500000000000E+009;1.623276472091675E-001;-6.784960627555847E-002;4.877501633018255E-004;2.843587892130017E-003;
2.419666666666667E+009;1.613949984312058E-001;-6.874561309814453E-002;6.019870052114129E-004;2.744306577369571E-003;
2.419833333333334E+009;1.600082218647003E-001;-6.957046687602997E-002;5.871814209967852E-004;2.568075200542808E-003;
2.420000000000000E+009;1.590582281351090E-001;-7.078330218791962E-002;7.824325584806502E-004;2.631194191053510E-003;
2.420166666666667E+009;1.580050587654114E-001;-7.188319414854050E-002;7.524089887738228E-004;2.515733009204269E-003;
2.420333333333334E+009;1.570392400026321E-001;-7.322470098733902E-002;9.147295495495200E-004;2.573834499344230E-003;
2.420500000000000E+009;1.559742838144302E-001;-7.410378754138947E-002;9.779748506844044E-004;2.535735489800572E-003;
2.420666666666667E+009;1.550219357013702E-001;-7.550358772277832E-002;1.085469615645707E-003;2.479877090081573E-003;
2.420833333333334E+009;1.541068553924561E-001;-7.697125524282455E-002;1.045201439410448E-003;2.465350320562720E-003;
2.421000000000000E+009;1.533120125532150E-001;-7.840500026941299E-002;1.214923919178546E-003;2.392388181760907E-003;
2.421166666666667E+009;1.526388823986054E-001;-7.979380339384079E-002;1.230263500474393E-003;2.223399933427572E-003;
2.421333333333334E+009;1.520443260669708E-001;-8.151681721210480E-002;1.239648321643472E-003;2.342743100598455E-003;
2.421500000000000E+009;1.514880508184433E-001;-8.306236565113068E-002;1.339536043815315E-003;2.159452298656106E-003;
2.421666666666667E+009;1.509596854448319E-001;-8.460234105587006E-002;1.402752473950386E-003;2.303223824128509E-003;
2.421833333333334E+009;1.506647020578384E-001;-8.629833161830902E-002;1.445794128812850E-003;2.095889300107956E-003;
2.422000000000000E+009;1.501155495643616E-001;-8.792947977781296E-002;1.463236054405570E-003;2.023078035563231E-003;
2.422166666666667E+009;1.498910188674927E-001;-8.979270607233048E-002;1.560122007504106E-003;2.033703029155731E-003;
2.422333333333334E+009;1.498564630746841E-001;-9.141160547733307E-002;1.615794841200113E-003;1.948837772943080E-003;
2.422500000000000E+009;1.495731025934219E-001;-9.292844682931900E-002;1.784511841833592E-003;1.874223584309220E-003;
2.422666666666667E+009;1.495742499828339E-001;-9.473574906587601E-002;1.856164075434208E-003;1.937040011398494E-003;
2.422833333333334E+009;1.496276557445526E-001;-9.642768651247025E-002;1.718118088319898E-003;1.817308017052710E-003;
2.423000000000000E+009;1.497797369956970E-001;-9.796144068241119E-002;1.858676900155842E-003;1.658149994909763E-003;
2.423166666666667E+009;1.501344293355942E-001;-9.960340708494186E-002;1.870860345661640E-003;1.647900440730155E-003;
2.423333333333334E+009;1.503587663173676E-001;-1.010107547044754E-001;1.902437070384622E-003;1.587606850080192E-003;
2.423500000000000E+009;1.506442576646805E-001;-1.027030497789383E-001;1.985002076253295E-003;1.509783091023564E-003;
2.423666666666667E+009;1.507309079170227E-001;-1.042175218462944E-001;2.053754637017846E-003;1.553645241074264E-003;
2.423833333333334E+009;1.513677984476090E-001;-1.055927872657776E-001;1.992139499634504E-003;1.526856911368668E-003;
2.424000000000000E+009;1.516174525022507E-001;-1.068113893270493E-001;2.022426109761000E-003;1.412993064150214E-003;
2.424166666666667E+009;1.519677489995956E-001;-1.081326380372047E-001;2.121809637174010E-003;1.234508235938847E-003;
2.424333333333334E+009;1.524559557437897E-001;-1.092997193336487E-001;2.138542709872127E-003;1.068801735527813E-003;
2.424500000000000E+009;1.530160009860992E-001;-1.104764491319656E-001;2.184455050155520E-003;1.314259716309607E-003;
2.424666666666667E+009;1.535518616437912E-001;-1.113465726375580E-001;2.116005402058363E-003;9.968859376385808E-004;
2.424833333333334E+009;1.537931412458420E-001;-1.124997213482857E-001;2.136161783710122E-003;1.002259086817503E-003;
2.425000000000000E+009;1.543971300125122E-001;-1.133221089839935E-001;2.253267215564847E-003;8.463294361717999E-004;
2.425166666666667E+009;1.546293348073959E-001;-1.141067147254944E-001;2.192435087636113E-003;7.590542663820088E-004;
2.425333333333334E+009;1.550907641649246E-001;-1.147951409220696E-001;2.375660464167595E-003;7.219204562716186E-004;
2.425500000000000E+009;1.554506570100784E-001;-1.155147626996040E-001;2.268034964799881E-003;7.783460314385593E-004;
2.425666666666667E+009;1.556039452552795E-001;-1.161174029111862E-001;2.327795838937163E-003;5.133863305673003E-004;
2.425833333333334E+009;1.558927893638611E-001;-1.166145727038384E-001;2.278236206620932E-003;5.666948854923248E-004;
2.426000000000000E+009;1.559948474168778E-001;-1.171821802854538E-001;2.230599522590637E-003;3.911060339305550E-004;
2.426166666666667E+009;1.563017368316650E-001;-1.175969615578651E-001;2.175045898184180E-003;4.355122509878129E-004;
2.426333333333334E+009;1.562655568122864E-001;-1.178760528564453E-001;2.314221346750855E-003;4.015047452412546E-004;
2.426500000000000E+009;1.562046110630035E-001;-1.182373538613319E-001;2.369098365306854E-003;3.270118322689086E-004;
2.426666666666667E+009;1.562582403421402E-001;-1.182073578238487E-001;2.414601156488061E-003;2.610346418805420E-004;
2.426833333333334E+009;1.559617370367050E-001;-1.185997202992439E-001;2.278304193168879E-003;2.202245086664334E-004;
2.427000000000000E+009;1.556974798440933E-001;-1.188337728381157E-001;2.318651648238301E-003;2.481449337210506E-004;
2.427166666666667E+009;1.551877856254578E-001;-1.188054159283638E-001;2.200067276135087E-003;1.751511736074463E-004;
2.427333333333334E+009;1.548171639442444E-001;-1.188628822565079E-001;2.261153189465404E-003;-4.628207170753740E-005;
2.427500000000000E+009;1.542943120002747E-001;-1.190443262457848E-001;2.207126002758741E-003;8.740485100133810E-006;
2.427666666666667E+009;1.535396277904511E-001;-1.192785799503326E-001;2.160546137019992E-003;-1.702394729363732E-005;
2.427833333333334E+009;1.526909172534943E-001;-1.193968206644058E-001;2.317388541996479E-003;-9.096723806578666E-005;
2.428000000000000E+009;1.518792957067490E-001;-1.195068657398224E-001;2.347321249544621E-003;-1.392303383909166E-004;
2.428166666666667E+009;1.509462296962738E-001;-1.197250634431839E-001;2.265626098960638E-003;-1.756167766870931E-004;
2.428333333333334E+009;1.501853913068771E-001;-1.199929118156433E-001;2.118571428582072E-003;-2.045348956016824E-004;
2.428500000000000E+009;1.489330381155014E-001;-1.202161610126495E-001;2.098566852509975E-003;-4.080794751644135E-004;
2.428666666666667E+009;1.477658748626709E-001;-1.204367354512215E-001;2.255449770018458E-003;-3.092245606239885E-004;
2.428833333333334E+009;1.462927907705307E-001;-1.209028586745262E-001;2.213313011452556E-003;-3.911074600182474E-004;
2.429000000000000E+009;1.450579017400742E-001;-1.212957128882408E-001;2.129123313352466E-003;-4.189146275166422E-004;
2.429166666666667E+009;1.436484307050705E-001;-1.215855181217194E-001;2.152325585484505E-003;-5.014550406485796E-004;
2.429333333333334E+009;1.422532647848129E-001;-1.222879663109779E-001;2.079601399600506E-003;-5.846041021868587E-004;
2.429500000000000E+009;1.407137811183929E-001;-1.228162571787834E-001;2.062847604975104E-003;-6.833671359345317E-004;
2.429666666666667E+009;1.391774863004684E-001;-1.234849840402603E-001;2.068789210170507E-003;-5.807905108667910E-004;
2.429833333333334E+009;1.375438570976257E-001;-1.241556406021118E-001;2.108352491632104E-003;-7.657895912416279E-004;
2.430000000000000E+009;1.358333379030228E-001;-1.252243220806122E-001;2.188964979723096E-003;-8.286263910122216E-004;
2.430166666666667E+009;1.343543082475662E-001;-1.260630488395691E-001;2.023220760747790E-003;-8.403299725614488E-004;
2.430333333333334E+009;1.328283548355103E-001;-1.267685294151306E-001;2.182023366913199E-003;-9.565623477101326E-004;
2.430500000000000E+009;1.311489343643189E-001;-1.277427375316620E-001;1.975195482373238E-003;-9.856703691184521E-004;
2.430666666666667E+009;1.295501589775085E-001;-1.289213597774506E-001;1.923818606883287E-003;-1.003110315650702E-003;
2.430833333333334E+009;1.280054748058319E-001;-1.301246434450150E-001;1.923802890814841E-003;-9.853132069110870E-004;
2.431000000000000E+009;1.265682876110077E-001;-1.311388462781906E-001;1.876738271676004E-003;-9.837180841714144E-004;
2.431166666666667E+009;1.250537484884262E-001;-1.324455440044403E-001;1.887233229354024E-003;-1.176779624074698E-003;
2.431333333333334E+009;1.235590428113937E-001;-1.337489038705826E-001;1.956298248842359E-003;-1.139605883508921E-003;
2.431500000000000E+009;1.221853718161583E-001;-1.350923329591751E-001;1.956079853698611E-003;-1.039574970491231E-003;
2.431666666666667E+009;1.209366917610169E-001;-1.363909989595413E-001;1.947851153090596E-003;-1.316755660809577E-003;
2.431833333333334E+009;1.195795834064484E-001;-1.380285024642944E-001;1.811266643926501E-003;-1.292655942961574E-003;
2.432000000000000E+009;1.182564422488213E-001;-1.394204646348953E-001;1.790922600775957E-003;-1.456752186641097E-003;
2.432166666666667E+009;1.170845702290535E-001;-1.406984031200409E-001;1.697945641353726E-003;-1.548097701743245E-003;
2.432333333333334E+009;1.163398176431656E-001;-1.421594321727753E-001;1.588908373378217E-003;-1.539366785436869E-003;
2.432500000000000E+009;1.151593849062920E-001;-1.437429934740067E-001;1.610277104191482E-003;-1.639809808693826E-003;
2.432666666666667E+009;1.142347380518913E-001;-1.450995951890945E-001;1.678966102190316E-003;-1.593781169503927E-003;
2.432833333333334E+009;1.137411668896675E-001;-1.468196809291840E-001;1.440797583200038E-003;-1.513593364506960E-003;
2.433000000000000E+009;1.129909455776215E-001;-1.481929421424866E-001;1.399708446115255E-003;-1.600854098796845E-003;
2.433166666666667E+009;1.123920381069183E-001;-1.497264653444290E-001;1.371032674796879E-003;-1.489281537942588E-003;
2.433333333333334E+009;1.116695925593376E-001;-1.509487926959992E-001;1.405607094056904E-003;-1.665668096393347E-003;
2.433500000000000E+009;1.113348826766014E-001;-1.525055170059204E-001;1.352424151264131E-003;-1.635440858080983E-003;
2.433666666666667E+009;1.110955998301506E-001;-1.539600342512131E-001;1.396132400259376E-003;-1.646766206249595E-003;
2.433833333333334E+009;1.105365008115768E-001;-1.552245616912842E-001;1.215519965626299E-003;-1.655482454225421E-003;
2.434000000000000E+009;1.104659885168076E-001;-1.566493660211563E-001;1.403331174515188E-003;-1.699140877462924E-003;
2.434166666666667E+009;1.100678071379662E-001;-1.576841026544571E-001;1.046654884703457E-003;-1.777208526618779E-003;
2.434333333333334E+009;1.097973510622978E-001;-1.588182896375656E-001;9.549688547849655E-004;-1.826680963858962E-003;
2.434500000000000E+009;1.098270788788796E-001;-1.598755419254303E-001;1.169265713542700E-003;-1.812269212678075E-003;
2.434666666666667E+009;1.096719950437546E-001;-1.609771102666855E-001;1.054054242558777E-003;-1.739350147545338E-003;
2.434833333333334E+009;1.095173433423042E-001;-1.618688553571701E-001;1.083013834431768E-003;-1.657598884776235E-003;
2.435000000000000E+009;1.095872819423676E-001;-1.628184020519257E-001;9.949468076229096E-004;-1.723070396110416E-003;
2.435166666666667E+009;1.093758195638657E-001;-1.635764837265015E-001;1.048027770593762E-003;-1.793350907973945E-003;
2.435333333333334E+009;1.094174683094025E-001;-1.644107103347778E-001;9.509600931778550E-004;-1.896562520414591E-003;
2.435500000000000E+009;1.092142537236214E-001;-1.649271696805954E-001;9.166538948193193E-004;-1.931584673002362E-003;
2.435666666666667E+009;1.092424765229225E-001;-1.654989421367645E-001;1.123198191635311E-003;-1.843124511651695E-003;
2.435833333333334E+009;1.091975271701813E-001;-1.658005267381668E-001;8.363413508050144E-004;-1.906077144667506E-003;
2.436000000000000E+009;1.089788675308228E-001;-1.663415729999542E-001;1.121161971241236E-003;-1.880156109109521E-003;
2.436166666666667E+009;1.087333261966705E-001;-1.665786951780319E-001;1.032298197969794E-003;-2.048063790425658E-003;
2.436333333333334E+009;1.086101233959198E-001;-1.668605208396912E-001;9.918618015944958E-004;-1.885880250483751E-003;
2.436500000000000E+009;1.084388941526413E-001;-1.670591235160828E-001;9.413490770384669E-004;-2.082226099446416E-003;
2.436666666666667E+009;1.081403940916061E-001;-1.672459542751312E-001;9.292864706367254E-004;-2.255271421745420E-003;
2.436833333333334E+009;1.077611446380615E-001;-1.672395318746567E-001;9.503710898570716E-004;-2.228546189144254E-003;
2.437000000000000E+009;1.074166595935822E-001;-1.672670394182205E-001;8.819590439088643E-004;-2.329152310267091E-003;
2.437166666666667E+009;1.069363504648209E-001;-1.674185246229172E-001;8.427544380538166E-004;-2.409028122201562E-003;
2.437333333333334E+009;1.062918528914452E-001;-1.672746241092682E-001;8.334091398864985E-004;-2.329305047169328E-003;
2.437500000000000E+009;1.057863160967827E-001;-1.671606153249741E-001;6.721097743138671E-004;-2.563286572694778E-003;
2.437666666666667E+009;1.050282567739487E-001;-1.671881228685379E-001;7.283834274858236E-004;-2.567691495642066E-003;
2.437833333333334E+009;1.043217182159424E-001;-1.669402122497559E-001;6.389876361936331E-004;-2.531278412789106E-003;
2.438000000000000E+009;1.034828275442123E-001;-1.668113619089127E-001;5.435702623799443E-004;-2.647252054885030E-003;
2.438166666666667E+009;1.025523468852043E-001;-1.669724434614182E-001;4.205659497529268E-004;-2.714508911594749E-003;
2.438333333333334E+009;1.013311445713043E-001;-1.664499044418335E-001;4.020437772851437E-004;-2.841484732925892E-003;
2.438500000000000E+009;1.005674228072166E-001;-1.664272248744965E-001;2.673726703505963E-004;-2.919177059084177E-003;
2.438666666666667E+009;9.931787103414536E-002;-1.664578318595886E-001;1.630771294003353E-004;-2.841718262061477E-003;
2.438833333333334E+009;9.803043305873871E-002;-1.663068085908890E-001;-1.070526923285797E-004;-2.943951636552811E-003;
2.439000000000000E+009;9.686020761728287E-002;-1.662173420190811E-001;4.995998460799456E-005;-2.902940148487687E-003;
2.439166666666667E+009;9.544033557176590E-002;-1.662579327821732E-001;-1.170350606116699E-005;-2.988067222759128E-003;
2.439333333333334E+009;9.400785714387894E-002;-1.663048714399338E-001;-1.989102020161226E-004;-2.923539839684963E-003;
2.439500000000000E+009;9.260739386081696E-002;-1.665212959051132E-001;-4.019624902866781E-004;-3.035302739590406E-003;
2.439666666666667E+009;9.104701131582260E-002;-1.664296090602875E-001;-3.448216884862632E-004;-2.892372896894813E-003;
2.439833333333334E+009;8.975189179182053E-002;-1.667985916137695E-001;-5.140162538737059E-004;-2.864635083824396E-003;
2.440000000000000E+009;8.806605637073517E-002;-1.670822203159332E-001;-6.334892241284251E-004;-3.096005180850625E-003;
2.440166666666667E+009;8.634912222623825E-002;-1.674143075942993E-001;-6.437065312638879E-004;-3.059085458517075E-003;
2.440333333333334E+009;8.492732048034668E-002;-1.678480803966522E-001;-9.447064949199557E-004;-2.951411530375481E-003;
2.440500000000000E+009;8.317124843597412E-002;-1.683462411165237E-001;-8.908375748433173E-004;-3.133662510663271E-003;
2.440666666666667E+009;8.152525126934052E-002;-1.689419746398926E-001;-1.023359014652669E-003;-3.102405229583383E-003;
2.440833333333334E+009;7.980687171220779E-002;-1.696624457836151E-001;-1.108584343455732E-003;-2.950067631900311E-003;
2.441000000000000E+009;7.823609560728073E-002;-1.701809763908386E-001;-1.182474312372506E-003;-3.042372874915600E-003;
2.441166666666667E+009;7.641010731458664E-002;-1.711385101079941E-001;-1.362450653687120E-003;-3.091194201260805E-003;
2.441333333333334E+009;7.496881484985352E-002;-1.716769486665726E-001;-1.612773747183383E-003;-2.935820724815130E-003;
2.441500000000000E+009;7.313486188650131E-002;-1.724673211574554E-001;-1.678735017776489E-003;-2.753385808318853E-003;
2.441666666666667E+009;7.164829224348068E-002;-1.737149804830551E-001;-1.826777006499469E-003;-2.863738220185041E-003;
2.441833333333334E+009;7.035592943429947E-002;-1.747355610132217E-001;-1.953766914084554E-003;-2.784086624160409E-003;
2.442000000000000E+009;6.874433159828186E-002;-1.757800728082657E-001;-2.051350194960833E-003;-2.736114664003253E-003;
2.442166666666667E+009;6.743991374969482E-002;-1.765724867582321E-001;-2.078022807836533E-003;-2.800478832796216E-003;
2.442333333333334E+009;6.603187322616577E-002;-1.777681410312653E-001;-2.182646654546261E-003;-2.610062481835485E-003;
2.442500000000000E+009;6.468106061220169E-002;-1.788536608219147E-001;-2.451718086376786E-003;-2.614628523588181E-003;
2.442666666666667E+009;6.352745741605759E-002;-1.798313111066818E-001;-2.403456484898925E-003;-2.525410847738385E-003;
2.442833333333334E+009;6.233141943812370E-002;-1.810620278120041E-001;-2.597180893644691E-003;-2.374530071392655E-003;
2.443000000000000E+009;6.115879863500595E-002;-1.819561570882797E-001;-2.737428294494748E-003;-2.339904662221670E-003;
2.443166666666667E+009;6.007046997547150E-002;-1.831941157579422E-001;-2.787427976727486E-003;-2.319483784958720E-003;
2.443333333333334E+009;5.911344289779663E-002;-1.840389519929886E-001;-2.862433204427362E-003;-2.213956555351615E-003;
2.443500000000000E+009;5.806418135762215E-002;-1.851222515106201E-001;-2.984404331073165E-003;-2.035225974395871E-003;
2.443666666666667E+009;5.721399560570717E-002;-1.861925125122070E-001;-3.155718557536602E-003;-1.906174002215266E-003;
2.443833333333334E+009;5.638250708580017E-002;-1.871446222066879E-001;-3.145365742966533E-003;-1.784110325388610E-003;
2.444000000000000E+009;5.577392503619194E-002;-1.880866289138794E-001;-3.157564206048846E-003;-1.620290451683104E-003;
2.444166666666667E+009;5.494057387113571E-002;-1.890216767787933E-001;-3.320066491141915E-003;-1.504449639469385E-003;
2.444333333333334E+009;5.449601635336876E-002;-1.899245828390122E-001;-3.373375628143549E-003;-1.206295448355377E-003;
2.444500000000000E+009;5.382329598069191E-002;-1.907131522893906E-001;-3.428131807595491E-003;-1.170340343378484E-003;
2.444666666666667E+009;5.333627760410309E-002;-1.914445757865906E-001;-3.486820496618748E-003;-1.044622273184359E-003;
2.444833333333334E+009;5.287872627377510E-002;-1.922003477811813E-001;-3.511587157845497E-003;-8.053033961914480E-004;
2.445000000000000E+009;5.245703458786011E-002;-1.926093101501465E-001;-3.283368190750480E-003;-7.507784757763147E-004;
2.445166666666667E+009;5.200019851326942E-002;-1.931484639644623E-001;-3.334295935928822E-003;-4.497751069720835E-004;
2.445333333333334E+009;5.161693319678307E-002;-1.935744881629944E-001;-3.361723851412535E-003;-4.898162442259491E-004;
2.445500000000000E+009;5.107228830456734E-002;-1.939554065465927E-001;-3.529398934915662E-003;-2.815509214997292E-004;
2.445666666666667E+009;5.081065371632576E-002;-1.942983418703079E-001;-3.531117690727115E-003;-1.634041400393471E-004;
2.445833333333334E+009;5.033730342984200E-002;-1.946151852607727E-001;-3.515483578667045E-003;-2.447223550916533E-006;
2.446000000000000E+009;5.001483857631683E-002;-1.946938335895538E-001;-3.371702739968896E-003;1.811865658964962E-004;
2.446166666666667E+009;4.970616847276688E-002;-1.949272453784943E-001;-3.383073955774307E-003;2.991399960592389E-004;
2.446333333333334E+009;4.921125993132591E-002;-1.949286758899689E-001;-3.409052034839988E-003;3.926223726011813E-004;
2.446500000000000E+009;4.895495623350143E-002;-1.946880668401718E-001;-3.328475868329406E-003;4.089065478183329E-004;
2.446666666666667E+009;4.847019910812378E-002;-1.947268247604370E-001;-3.236985998228192E-003;6.734716007485986E-004;
2.446833333333334E+009;4.816570505499840E-002;-1.945024281740189E-001;-3.111911937594414E-003;7.482136134058237E-004;
2.447000000000000E+009;4.737837985157967E-002;-1.942550241947174E-001;-3.290686989203095E-003;8.289728430099785E-004;
2.447166666666667E+009;4.678833112120628E-002;-1.939993053674698E-001;-3.099344670772553E-003;9.852806106209755E-004;
2.447333333333334E+009;4.617076739668846E-002;-1.936636120080948E-001;-2.817570231854916E-003;1.147767179645598E-003;
2.447500000000000E+009;4.561251029372215E-002;-1.933600008487701E-001;-2.857047365978360E-003;1.086890348233283E-003;
2.447666666666667E+009;4.492786899209023E-002;-1.929389387369156E-001;-2.734309993684292E-003;1.181606785394251E-003;
2.447833333333334E+009;4.403482750058174E-002;-1.926973462104797E-001;-2.747209044173360E-003;1.321158837527037E-003;
2.448000000000000E+009;4.331595450639725E-002;-1.922287940979004E-001;-2.602969529107213E-003;1.329561229795218E-003;
2.448166666666667E+009;4.218255728483200E-002;-1.917808949947357E-001;-2.642557956278324E-003;1.338164089247584E-003;
2.448333333333334E+009;4.122460260987282E-002;-1.912438571453095E-001;-2.474204637110233E-003;1.504046609625220E-003;
2.448500000000000E+009;4.030524194240570E-002;-1.909659802913666E-001;-2.409541513770819E-003;1.606355304829776E-003;
2.448666666666667E+009;3.916711360216141E-002;-1.904572695493698E-001;-2.504391362890601E-003;1.494406256824732E-003;
2.448833333333334E+009;3.803496807813644E-002;-1.901172101497650E-001;-2.315126825124025E-003;1.624988741241396E-003;
2.449000000000000E+009;3.673206269741058E-002;-1.894552260637283E-001;-2.224435098469257E-003;1.712383469566703E-003;
2.449166666666667E+009;3.530835360288620E-002;-1.892158836126328E-001;-2.318089595064521E-003;1.549033913761377E-003;
2.449333333333334E+009;3.402459248900414E-002;-1.887424290180206E-001;-2.256538253277540E-003;1.701310393400490E-003;
2.449500000000000E+009;3.242731094360352E-002;-1.883055716753006E-001;-2.092713490128517E-003;1.659737201407552E-003;
2.449666666666667E+009;3.104971349239349E-002;-1.882505565881729E-001;-2.173857996240258E-003;1.598267001099885E-003;
2.449833333333334E+009;2.951056882739067E-002;-1.880752593278885E-001;-2.005290240049362E-003;1.689567812718451E-003;
2.450000000000000E+009;2.781806141138077E-002;-1.877088993787766E-001;-1.945121679455042E-003;1.679827109910548E-003;
2.450166666666667E+009;2.635740302503109E-002;-1.873960793018341E-001;-1.969331875443459E-003;1.782177365384996E-003;
2.450333333333334E+009;2.464265748858452E-002;-1.872461736202240E-001;-1.870887237600982E-003;1.860008342191577E-003;
2.450500000000000E+009;2.292879857122898E-002;-1.873132735490799E-001;-1.988205825909972E-003;1.846764585934579E-003;
2.450666666666667E+009;2.126657590270042E-002;-1.872124075889587E-001;-1.707278774119914E-003;1.910825376398861E-003;
2.450833333333334E+009;1.929610408842564E-002;-1.872578561306000E-001;-1.729582436382771E-003;1.879345043562353E-003;
2.451000000000000E+009;1.769551821053028E-002;-1.871342211961746E-001;-1.682728761807084E-003;1.911104540340602E-003;
2.451166666666667E+009;1.613007485866547E-002;-1.874759644269943E-001;-1.615633373148739E-003;1.938200555741787E-003;
2.451333333333334E+009;1.436618901789188E-002;-1.874711364507675E-001;-1.711981720291078E-003;1.952624763362110E-003;
2.451500000000000E+009;1.265469565987587E-002;-1.876183003187180E-001;-1.703485148027539E-003;2.137372968718410E-003;
2.451666666666667E+009;1.086657028645277E-002;-1.877727061510086E-001;-1.625734730623663E-003;1.977456267923117E-003;
2.451833333333334E+009;9.255988523364067E-003;-1.880121380090714E-001;-1.633497187867761E-003;2.223515417426825E-003;
2.452000000000000E+009;7.802112959325314E-003;-1.884148716926575E-001;-1.513969036750495E-003;2.238944871351123E-003;
2.452166666666667E+009;6.158897187560797E-003;-1.885967999696732E-001;-1.478864927776158E-003;2.302754670381546E-003;
2.452333333333334E+009;4.663079977035523E-003;-1.890589445829392E-001;-1.407082309015095E-003;2.280348213389516E-003;
2.452500000000000E+009;3.212181385606527E-003;-1.894444078207016E-001;-1.399813103489578E-003;2.279916545376182E-003;
2.452666666666667E+009;1.728329807519913E-003;-1.897746622562408E-001;-1.404219074174762E-003;2.389050321653485E-003;
2.452833333333334E+009;2.718283794820309E-004;-1.901810765266419E-001;-1.311264815740287E-003;2.306754235178232E-003;
2.453000000000000E+009;-9.503643377684057E-004;-1.907024383544922E-001;-1.257590833120048E-003;2.477863803505898E-003;
2.453166666666667E+009;-2.169929444789887E-003;-1.911330223083496E-001;-1.289928099140525E-003;2.493869513273239E-003;
2.453333333333334E+009;-3.326497040688992E-003;-1.915206313133240E-001;-1.061739865690470E-003;2.558306092396379E-003;
2.453500000000000E+009;-4.303719382733107E-003;-1.920366138219833E-001;-1.023620949126780E-003;2.569348784163594E-003;
2.453666666666667E+009;-5.372920539230108E-003;-1.924033612012863E-001;-9.462453890591860E-004;2.686390653252602E-003;
2.453833333333334E+009;-6.438901182264090E-003;-1.929230093955994E-001;-9.956574067473412E-004;2.733174944296479E-003;
2.454000000000000E+009;-7.523465435951948E-003;-1.932070404291153E-001;-8.402993553318083E-004;2.739550080150366E-003;
2.454166666666667E+009;-8.428342640399933E-003;-1.936467736959457E-001;-6.980717298574746E-004;2.817508298903704E-003;
2.454333333333334E+009;-9.211603552103043E-003;-1.940561532974243E-001;-6.606792449019849E-004;2.861370332539082E-003;
2.454500000000000E+009;-1.012434717267752E-002;-1.942671090364456E-001;-5.860722158104181E-004;3.030085470527411E-003;
2.454666666666667E+009;-1.085467357188463E-002;-1.944153010845184E-001;-4.199227842036635E-004;2.933078678324819E-003;
2.454833333333334E+009;-1.161986961960793E-002;-1.946021616458893E-001;-3.299043164588511E-004;2.943644300103188E-003;
2.455000000000000E+009;-1.223076507449150E-002;-1.949087679386139E-001;-2.203472977271304E-004;2.935051685199142E-003;
2.455166666666667E+009;-1.294916495680809E-002;-1.949727833271027E-001;-7.081466901581734E-005;3.019461873918772E-003;
2.455333333333334E+009;-1.355965714901686E-002;-1.949627846479416E-001;-1.042778239934705E-004;3.008761443197727E-003;
2.455500000000000E+009;-1.428168080747128E-002;-1.950589269399643E-001;8.709451503818855E-005;2.861745189875364E-003;
2.455666666666667E+009;-1.497108768671751E-002;-1.948542892932892E-001;1.130041855503805E-004;2.850555814802647E-003;
2.455833333333334E+009;-1.543732173740864E-002;-1.946526616811752E-001;2.483366697560996E-004;3.027256345376372E-003;
2.456000000000000E+009;-1.622391119599342E-002;-1.944524496793747E-001;3.189303097315133E-004;2.886924427002668E-003;
2.456166666666667E+009;-1.677811332046986E-002;-1.941699087619782E-001;4.377448349259794E-004;2.906297799199820E-003;
2.456333333333334E+009;-1.727868430316448E-002;-1.939608454704285E-001;4.402534686960280E-004;2.896344754844904E-003;
2.456500000000000E+009;-1.804797165095806E-002;-1.935630887746811E-001;6.508338265120983E-004;2.718382049351931E-003;
2.456666666666667E+009;-1.881735026836395E-002;-1.931281387805939E-001;7.305808831006289E-004;2.796305809170008E-003;
2.456833333333334E+009;-1.946242712438107E-002;-1.925371140241623E-001;6.449235370382667E-004;2.802163362503052E-003;
2.457000000000000E+009;-2.023787051439285E-002;-1.920085996389389E-001;8.726610103622079E-004;2.753631444647908E-003;
2.457166666666667E+009;-2.110838890075684E-002;-1.915152817964554E-001;8.576734689995647E-004;2.657151082530618E-003;
2.457333333333334E+009;-2.181727997958660E-002;-1.909131258726120E-001;9.623957448638976E-004;2.626881701871753E-003;
2.457500000000000E+009;-2.287339605391026E-002;-1.901690065860748E-001;1.110950834117830E-003;2.637056866660714E-003;
2.457666666666667E+009;-2.360426634550095E-002;-1.894519329071045E-001;9.749181335791946E-004;2.603639150038362E-003;
2.457833333333334E+009;-2.475559711456299E-002;-1.888214051723480E-001;1.166062545962632E-003;2.555486047640443E-003;
2.458000000000000E+009;-2.552308514714241E-002;-1.878011375665665E-001;1.253413152880967E-003;2.579208230599761E-003;
2.458166666666667E+009;-2.690921910107136E-002;-1.873325556516647E-001;1.226556138135493E-003;2.464853692799807E-003;
2.458333333333334E+009;-2.782916277647018E-002;-1.865921318531036E-001;1.318417605943978E-003;2.331512048840523E-003;
2.458500000000000E+009;-2.903637662529945E-002;-1.856230795383453E-001;1.369837089441717E-003;2.348965266719461E-003;
2.458666666666667E+009;-3.032491356134415E-002;-1.849291920661926E-001;1.482280436903238E-003;2.273073187097907E-003;
2.458833333333334E+009;-3.153602778911591E-002;-1.840294748544693E-001;1.430842909030616E-003;2.211988903582096E-003;
2.459000000000000E+009;-3.293868154287338E-002;-1.832814365625382E-001;1.428272225894034E-003;2.168182749301195E-003;
2.459166666666667E+009;-3.446654230356216E-002;-1.826566904783249E-001;1.753813470713794E-003;2.062168670818210E-003;
2.459333333333334E+009;-3.580685704946518E-002;-1.817094832658768E-001;1.577910035848618E-003;1.979631371796131E-003;
2.459500000000000E+009;-3.700334951281548E-002;-1.812632977962494E-001;1.550956629216671E-003;2.062137238681316E-003;
2.459666666666667E+009;-3.878080844879150E-002;-1.805191636085510E-001;1.657192595303059E-003;2.031665993854404E-003;
2.459833333333334E+009;-4.027657955884934E-002;-1.800151914358139E-001;1.635022112168372E-003;2.034048317000270E-003;
2.460000000000000E+009;-4.153469949960709E-002;-1.792939007282257E-001;1.790097448974848E-003;1.993833109736443E-003;
2.460166666666667E+009;-4.319082573056221E-002;-1.786712706089020E-001;1.912943902425468E-003;2.088874811306596E-003;
2.460333333333334E+009;-4.491846635937691E-002;-1.783588230609894E-001;1.902892370708287E-003;2.057667355984449E-003;
2.460500000000000E+009;-4.638372361660004E-002;-1.780497878789902E-001;1.873232889920473E-003;2.100078156217933E-003;
2.460666666666667E+009;-4.813833907246590E-002;-1.774918287992477E-001;1.760597690008581E-003;1.951112644746900E-003;
2.460833333333334E+009;-4.992375522851944E-002;-1.769016534090042E-001;2.031112788245082E-003;1.870374428108335E-003;
2.461000000000000E+009;-5.151985958218575E-002;-1.767281889915466E-001;1.998939318582416E-003;1.827612286433578E-003;
2.461166666666667E+009;-5.304487422108650E-002;-1.766356974840164E-001;1.979317050427198E-003;1.861063996329904E-003;
2.461333333333334E+009;-5.473542958498001E-002;-1.761187314987183E-001;1.963350689038634E-003;1.945002004504204E-003;
2.461500000000000E+009;-5.611639097332954E-002;-1.759459674358368E-001;2.219289541244507E-003;1.870508072897792E-003;
2.461666666666667E+009;-5.789179354906082E-002;-1.759186685085297E-001;2.299085492268205E-003;1.738459686748684E-003;
2.461833333333334E+009;-5.928173288702965E-002;-1.759823113679886E-001;2.249259501695633E-003;1.814284827560186E-003;
2.462000000000000E+009;-6.069306656718254E-002;-1.758987903594971E-001;2.193135209381580E-003;1.832110225223005E-003;
2.462166666666667E+009;-6.209680065512657E-002;-1.756906360387802E-001;2.313590841367841E-003;1.702516805380583E-003;
2.462333333333334E+009;-6.354852020740509E-002;-1.756984144449234E-001;2.516028704121709E-003;1.848684507422149E-003;
2.462500000000000E+009;-6.479439139366150E-002;-1.756929308176041E-001;2.537395805120468E-003;1.684948918409646E-003;
2.462666666666667E+009;-6.604339182376862E-002;-1.757950633764267E-001;2.672363538295031E-003;1.775220851413906E-003;
2.462833333333334E+009;-6.733514368534088E-002;-1.757135689258575E-001;2.773977816104889E-003;1.777651486918330E-003;
2.463000000000000E+009;-6.833963096141815E-002;-1.756528019905090E-001;2.823174698278308E-003;1.577079179696739E-003;
2.463166666666667E+009;-6.929615139961243E-002;-1.757584661245346E-001;3.001030534505844E-003;1.574718044139445E-003;
2.463333333333334E+009;-7.018753141164780E-002;-1.757707297801971E-001;3.175620222464204E-003;1.636028406210244E-003;
2.463500000000000E+009;-7.123617827892304E-002;-1.757709532976151E-001;3.169482341036201E-003;1.502644154243171E-003;
2.463666666666667E+009;-7.205454260110855E-002;-1.759207844734192E-001;3.273907350376248E-003;1.389170764014125E-003;
2.463833333333334E+009;-7.281086593866348E-002;-1.757990717887878E-001;3.389500314369798E-003;1.332257408648729E-003;
2.464000000000000E+009;-7.346352934837341E-002;-1.756117939949036E-001;3.347581485286355E-003;1.089244149625301E-003;
2.464166666666667E+009;-7.389055192470551E-002;-1.755614280700684E-001;3.703732043504715E-003;1.232442096807063E-003;
2.464333333333334E+009;-7.454189658164978E-002;-1.752023398876190E-001;3.656855551525950E-003;9.503111941739917E-004;
2.464500000000000E+009;-7.497031986713409E-002;-1.752149164676666E-001;3.736783983185887E-003;7.666614837944508E-004;
2.464666666666667E+009;-7.552502304315567E-002;-1.747777760028839E-001;3.790188347920775E-003;5.610891385003924E-004;
2.464833333333334E+009;-7.578118145465851E-002;-1.746105104684830E-001;3.853583708405495E-003;5.486790323629975E-004;
2.465000000000000E+009;-7.603818178176880E-002;-1.742753237485886E-001;4.069386515766382E-003;2.753334701992571E-004;
2.465166666666667E+009;-7.639259845018387E-002;-1.738017648458481E-001;4.085524939000607E-003;1.440073392586783E-004;
2.465333333333334E+009;-7.677260786294937E-002;-1.734371334314346E-001;3.996730782091618E-003;-4.232655919622630E-005;
2.465500000000000E+009;-7.688061892986298E-002;-1.729475706815720E-001;4.044566303491592E-003;-1.097688436857425E-004;
2.465666666666667E+009;-7.729047536849976E-002;-1.723547726869583E-001;4.233490675687790E-003;-3.533142153173685E-004;
2.465833333333334E+009;-7.753302901983261E-002;-1.717532873153687E-001;4.220626316964626E-003;-5.168975912965834E-004;
2.466000000000000E+009;-7.779278606176376E-002;-1.710396558046341E-001;4.100001417100430E-003;-7.991651655174792E-004;
2.466166666666667E+009;-7.788632065057755E-002;-1.703580021858215E-001;4.084725864231587E-003;-9.179321350529790E-004;
2.466333333333334E+009;-7.822564244270325E-002;-1.696820706129074E-001;4.158091731369495E-003;-9.992202976718545E-004;
2.466500000000000E+009;-7.865768671035767E-002;-1.687410473823547E-001;4.024151712656021E-003;-1.175001612864435E-003;
2.466666666666667E+009;-7.887474447488785E-002;-1.677923649549484E-001;3.977974876761437E-003;-1.391361234709621E-003;
2.466833333333334E+009;-7.917083799839020E-002;-1.668293029069901E-001;3.858999116346240E-003;-1.652009203098714E-003;
2.467000000000000E+009;-7.952247560024262E-002;-1.656775623559952E-001;3.839890472590923E-003;-1.808940083719790E-003;
2.467166666666667E+009;-7.996720820665360E-002;-1.646119654178619E-001;3.644302021712065E-003;-2.039241371676326E-003;
2.467333333333334E+009;-8.056350052356720E-002;-1.635503768920898E-001;3.579231444746256E-003;-2.131130546331406E-003;
2.467500000000000E+009;-8.077499270439148E-002;-1.622579246759415E-001;3.546832595020533E-003;-2.257802989333868E-003;
2.467666666666667E+009;-8.136006444692612E-002;-1.609622091054916E-001;3.575965762138367E-003;-2.365700202062726E-003;
2.467833333333334E+009;-8.204381167888641E-002;-1.598320901393890E-001;3.257758682593703E-003;-2.455032896250486E-003;
2.468000000000000E+009;-8.280652016401291E-002;-1.587650477886200E-001;3.244000719860196E-003;-2.676626434549689E-003;
2.468166666666667E+009;-8.347723633050919E-002;-1.573919504880905E-001;3.046739613637328E-003;-2.833372447639704E-003;
2.468333333333334E+009;-8.436961472034454E-002;-1.560225933790207E-001;2.894661622121930E-003;-2.889098366722465E-003;
2.468500000000000E+009;-8.520747721195221E-002;-1.546054780483246E-001;2.898102160543203E-003;-2.905585337430239E-003;
2.468666666666667E+009;-8.608141541481018E-002;-1.533064246177673E-001;2.661849604919553E-003;-3.111592493951321E-003;
2.468833333333334E+009;-8.709873259067535E-002;-1.520626097917557E-001;2.449583960697055E-003;-3.285928862169385E-003;
2.469000000000000E+009;-8.821174502372742E-002;-1.508539021015167E-001;2.367108827456832E-003;-3.385769668966532E-003;
2.469166666666667E+009;-8.927861601114273E-002;-1.496139615774155E-001;2.323994645848870E-003;-3.468317212536931E-003;
2.469333333333334E+009;-9.053764492273331E-002;-1.483583003282547E-001;2.094026189297438E-003;-3.317322582006455E-003;
2.469500000000000E+009;-9.188450127840042E-002;-1.470664739608765E-001;1.975286053493619E-003;-3.432967234402895E-003;
2.469666666666667E+009;-9.312712401151657E-002;-1.459019035100937E-001;1.955592771992087E-003;-3.498047590255737E-003;
2.469833333333334E+009;-9.473820030689240E-002;-1.447476446628571E-001;1.703654299490154E-003;-3.532096045091748E-003;
2.470000000000000E+009;-9.596827626228333E-002;-1.437130272388458E-001;1.381388166919351E-003;-3.495223820209503E-003;
2.470166666666667E+009;-9.741318225860596E-002;-1.425183117389679E-001;1.335942652076483E-003;-3.497422439977527E-003;
2.470333333333334E+009;-9.873682260513306E-002;-1.417659223079681E-001;1.394763006828725E-003;-3.625548677518964E-003;
2.470500000000000E+009;-1.003448069095612E-001;-1.408073753118515E-001;1.050677616149187E-003;-3.636533860117197E-003;
2.470666666666667E+009;-1.018286272883415E-001;-1.400961428880692E-001;1.007873564958572E-003;-3.589840373024344E-003;
2.470833333333334E+009;-1.034353077411652E-001;-1.393086761236191E-001;8.802775992080569E-004;-3.660969901829958E-003;
2.471000000000000E+009;-1.048733741044998E-001;-1.385756731033325E-001;7.174689089879394E-004;-3.528225701302290E-003;
2.471166666666667E+009;-1.065381541848183E-001;-1.378174126148224E-001;6.537602166645229E-004;-3.475414123386145E-003;
2.471333333333334E+009;-1.079777106642723E-001;-1.373096406459808E-001;5.456084618344903E-004;-3.529633861035109E-003;
2.471500000000000E+009;-1.094993874430656E-001;-1.368929743766785E-001;4.164587298873812E-004;-3.492487361654639E-003;
2.471666666666667E+009;-1.107641533017159E-001;-1.363826543092728E-001;4.775735724251717E-004;-3.530307440087199E-003;
2.471833333333334E+009;-1.122911646962166E-001;-1.359156817197800E-001;1.883885415736586E-004;-3.470576368272305E-003;
2.472000000000000E+009;-1.136330217123032E-001;-1.355312466621399E-001;3.945362404920161E-004;-3.401681082323194E-003;
2.472166666666667E+009;-1.148825287818909E-001;-1.353597939014435E-001;1.026072277454659E-004;-3.468829207122326E-003;
2.472333333333334E+009;-1.161214336752892E-001;-1.352577358484268E-001;-6.838092303951271E-006;-3.435518126934767E-003;
2.472500000000000E+009;-1.172186434268951E-001;-1.349815130233765E-001;-4.182989505352452E-005;-3.184580011293292E-003;
2.472666666666667E+009;-1.183196529746056E-001;-1.349340975284576E-001;3.425584964134032E-006;-3.437522565945983E-003;
2.472833333333334E+009;-1.194127276539803E-001;-1.349700689315796E-001;-2.219589077867568E-004;-3.381847403943539E-003;
2.473000000000000E+009;-1.202826127409935E-001;-1.348058432340622E-001;-1.896826142910868E-004;-3.329168306663632E-003;
2.473166666666667E+009;-1.216383576393127E-001;-1.349195688962936E-001;-4.233286599628627E-004;-3.285943530499935E-003;
2.473333333333334E+009;-1.222004070878029E-001;-1.346928179264069E-001;-3.345066797919571E-004;-3.412023186683655E-003;
2.473500000000000E+009;-1.230459809303284E-001;-1.347581595182419E-001;-4.233583167660981E-004;-3.416205523535609E-003;
2.473666666666667E+009;-1.237685084342957E-001;-1.348381191492081E-001;-5.056285881437361E-004;-3.294475143775344E-003;
2.473833333333334E+009;-1.244676113128662E-001;-1.347883194684982E-001;-7.792165270075202E-004;-3.446115413680673E-003;
2.474000000000000E+009;-1.250408589839935E-001;-1.347853541374207E-001;-7.277996628545225E-004;-3.288017818704248E-003;
2.474166666666667E+009;-1.253709197044373E-001;-1.346537023782730E-001;-7.860545301809907E-004;-3.395541803911328E-003;
2.474333333333334E+009;-1.259246766567230E-001;-1.344679445028305E-001;-9.595800656825304E-004;-3.292869310826063E-003;
2.474500000000000E+009;-1.263613402843475E-001;-1.343903690576553E-001;-1.014330657199025E-003;-3.279350232332945E-003;
2.474666666666667E+009;-1.265436559915543E-001;-1.343271285295487E-001;-1.183407148346305E-003;-3.381392685696483E-003;
2.474833333333334E+009;-1.269899159669876E-001;-1.340665072202683E-001;-1.264872844330967E-003;-3.430625889450312E-003;
2.475000000000000E+009;-1.270914673805237E-001;-1.336628943681717E-001;-1.467553316615522E-003;-3.221210325136781E-003;
2.475166666666667E+009;-1.273535341024399E-001;-1.331832855939865E-001;-1.421942375600338E-003;-3.286466700956225E-003;
2.475333333333334E+009;-1.273440420627594E-001;-1.326910853385925E-001;-1.645660609938204E-003;-3.273110603913665E-003;
2.475500000000000E+009;-1.274328678846359E-001;-1.321140527725220E-001;-1.644255244173110E-003;-3.164362860843539E-003;
2.475666666666667E+009;-1.273708343505859E-001;-1.317022889852524E-001;-2.015039324760437E-003;-3.177387639880180E-003;
2.475833333333334E+009;-1.274529844522476E-001;-1.309393793344498E-001;-1.989114098250866E-003;-3.133532823994756E-003;
2.476000000000000E+009;-1.272151023149490E-001;-1.300483345985413E-001;-2.113544382154942E-003;-2.914890414103866E-003;
2.476166666666667E+009;-1.273135244846344E-001;-1.292392164468765E-001;-2.345323329791427E-003;-2.946416614577174E-003;
2.476333333333334E+009;-1.272315829992294E-001;-1.282369345426559E-001;-2.205768832936883E-003;-2.797244815155864E-003;
2.476500000000000E+009;-1.272176653146744E-001;-1.272047609090805E-001;-2.429259009659290E-003;-2.853697165846825E-003;
2.476666666666667E+009;-1.270083785057068E-001;-1.262149214744568E-001;-2.553372178226709E-003;-2.562091918662190E-003;
2.476833333333334E+009;-1.270040124654770E-001;-1.249703317880631E-001;-2.619702368974686E-003;-2.460460877045989E-003;
2.477000000000000E+009;-1.269447356462479E-001;-1.236669495701790E-001;-2.776638371869922E-003;-2.385113853961229E-003;
2.477166666666667E+009;-1.269681602716446E-001;-1.224818453192711E-001;-2.844896167516708E-003;-2.341472543776035E-003;
2.477333333333334E+009;-1.269911676645279E-001;-1.209123581647873E-001;-3.012947738170624E-003;-2.101968042552471E-003;
2.477500000000000E+009;-1.270771026611328E-001;-1.194103881716728E-001;-2.985314233228564E-003;-2.030206145718694E-003;
2.477666666666667E+009;-1.271775960922241E-001;-1.181392520666122E-001;-3.157209837809205E-003;-1.846693689003587E-003;
2.477833333333334E+009;-1.273190975189209E-001;-1.162662282586098E-001;-3.092517144978046E-003;-1.804023166187108E-003;
2.478000000000000E+009;-1.274440884590149E-001;-1.150352805852890E-001;-3.188611473888159E-003;-1.629432314075530E-003;
2.478166666666667E+009;-1.278456151485443E-001;-1.132962629199028E-001;-3.101092763245106E-003;-1.425015158019960E-003;
2.478333333333334E+009;-1.281499713659287E-001;-1.114195138216019E-001;-3.245406784117222E-003;-1.352895633317530E-003;
2.478500000000000E+009;-1.286186575889587E-001;-1.098567992448807E-001;-3.191363764926791E-003;-1.207435736432672E-003;
2.478666666666667E+009;-1.289497315883637E-001;-1.081711575388908E-001;-3.124107141047716E-003;-1.004716847091913E-003;
2.478833333333334E+009;-1.293670684099197E-001;-1.063215285539627E-001;-3.177375765517354E-003;-9.782140841707587E-004;
2.479000000000000E+009;-1.301957815885544E-001;-1.046402975916863E-001;-3.033090149983764E-003;-7.848770474083722E-004;
2.479166666666667E+009;-1.308653205633164E-001;-1.028719842433929E-001;-3.024860285222530E-003;-7.137246429920197E-004;
2.479333333333334E+009;-1.317120045423508E-001;-1.010676398873329E-001;-3.053834661841393E-003;-7.297011325135827E-004;
2.479500000000000E+009;-1.325085312128067E-001;-9.952706843614578E-002;-3.087026765570045E-003;-5.628163926303387E-004;
2.479666666666667E+009;-1.333740204572678E-001;-9.783146530389786E-002;-3.060523886233568E-003;-3.659045905806124E-004;
2.479833333333334E+009;-1.344276070594788E-001;-9.616594016551971E-002;-3.111502621322870E-003;-3.478746511973441E-004;
2.480000000000000E+009;-1.355281174182892E-001;-9.455607086420059E-002;-2.972599118947983E-003;-1.973021717276424E-004;
2.480166666666667E+009;-1.366938948631287E-001;-9.316609054803848E-002;-2.994578331708908E-003;-1.860916963778436E-004;
2.480333333333334E+009;-1.376066356897354E-001;-9.143083542585373E-002;-2.930321497842670E-003;-1.007583887258079E-005;
2.480500000000000E+009;-1.388817429542542E-001;-9.000104665756226E-002;-2.790710423141718E-003;-1.141856409958564E-004;
2.480666666666667E+009;-1.401773691177368E-001;-8.881951868534088E-002;-2.756356960162520E-003;6.044943802407943E-005;
2.480833333333334E+009;-1.416111290454865E-001;-8.743771165609360E-002;-2.825139556080103E-003;1.772649848135188E-004;
2.481000000000000E+009;-1.427665352821350E-001;-8.604820072650909E-002;-2.753811422735453E-003;-1.185821292892797E-005;
2.481166666666667E+009;-1.441613882780075E-001;-8.495704829692841E-002;-2.718814881518483E-003;2.165787009289488E-004;
2.481333333333334E+009;-1.455163806676865E-001;-8.382642269134522E-002;-2.623944776132703E-003;2.691561239771545E-004;
2.481500000000000E+009;-1.468673497438431E-001;-8.292017132043839E-002;-2.691009314730763E-003;2.728411636780947E-004;
2.481666666666667E+009;-1.482146829366684E-001;-8.188859373331070E-002;-2.654973184689879E-003;4.570865421555936E-004;
2.481833333333334E+009;-1.496270447969437E-001;-8.108653128147125E-002;-2.644939813762903E-003;3.183078952133656E-004;
2.482000000000000E+009;-1.511337608098984E-001;-8.012280613183975E-002;-2.646869979798794E-003;4.757727147080004E-004;
2.482166666666667E+009;-1.525119096040726E-001;-7.924906909465790E-002;-2.579529536888003E-003;3.343647113069892E-004;
2.482333333333334E+009;-1.535590589046478E-001;-7.864289730787277E-002;-2.555926796048880E-003;4.507330886553973E-004;
2.482500000000000E+009;-1.548292040824890E-001;-7.814420759677887E-002;-2.625633496791124E-003;5.973539082333446E-004;
2.482666666666667E+009;-1.560629308223724E-001;-7.751818001270294E-002;-2.639231970533729E-003;4.308231873437762E-004;
2.482833333333334E+009;-1.571669578552246E-001;-7.694226503372192E-002;-2.664259634912014E-003;5.765234236605465E-004;
2.483000000000000E+009;-1.583977043628693E-001;-7.646696269512177E-002;-2.549458062276244E-003;5.336454487405717E-004;
2.483166666666667E+009;-1.592680811882019E-001;-7.590416818857193E-002;-2.471742918714881E-003;6.138269673101604E-004;
2.483333333333334E+009;-1.603642255067825E-001;-7.550434023141861E-002;-2.540637739002705E-003;5.611866945400834E-004;
2.483500000000000E+009;-1.612435430288315E-001;-7.518301159143448E-002;-2.476301277056336E-003;6.769734318368137E-004;
2.483666666666667E+009;-1.619086116552353E-001;-7.477037608623505E-002;-2.545386319980025E-003;5.730387056246400E-004;
2.483833333333334E+009;-1.626573055982590E-001;-7.427830994129181E-002;-2.625802299007773E-003;6.255152984522283E-004;
2.484000000000000E+009;-1.631343066692352E-001;-7.389967888593674E-002;-2.510236110538244E-003;8.263443596661091E-004;
2.484166666666667E+009;-1.637760400772095E-001;-7.345514744520187E-002;-2.660482190549374E-003;8.973403600975871E-004;
2.484333333333334E+009;-1.642270386219025E-001;-7.311230152845383E-002;-2.766244113445282E-003;9.589171386323869E-004;
2.484500000000000E+009;-1.644386649131775E-001;-7.269655913114548E-002;-2.589514479041100E-003;1.072397921234369E-003;
2.484666666666667E+009;-1.647846996784210E-001;-7.217263430356979E-002;-2.701161429286003E-003;1.087137614376843E-003;
2.484833333333334E+009;-1.649867743253708E-001;-7.153558731079102E-002;-2.588645322248340E-003;1.122184912674129E-003;
2.485000000000000E+009;-1.651028990745544E-001;-7.122671604156494E-002;-2.584419911727309E-003;1.364177791401744E-003;
2.485166666666667E+009;-1.652912348508835E-001;-7.053423672914505E-002;-2.573172794654965E-003;1.196028548292816E-003;
2.485333333333334E+009;-1.653181761503220E-001;-7.012028992176056E-002;-2.660126192495227E-003;1.431551878340542E-003;
2.485500000000000E+009;-1.653190404176712E-001;-6.908620148897171E-002;-2.653621137142181E-003;1.329840859398246E-003;
2.485666666666667E+009;-1.650597304105759E-001;-6.845084577798843E-002;-2.557577798143029E-003;1.603859360329807E-003;
2.485833333333334E+009;-1.650652438402176E-001;-6.762337684631348E-002;-2.471073064953089E-003;1.566921942867339E-003;
2.486000000000000E+009;-1.647455096244812E-001;-6.657896935939789E-002;-2.587396185845137E-003;1.780348713509738E-003;
2.486166666666667E+009;-1.644572615623474E-001;-6.560095399618149E-002;-2.518267137929797E-003;1.753968419507146E-003;
2.486333333333334E+009;-1.643141955137253E-001;-6.447555869817734E-002;-2.516366774216294E-003;1.920111943036318E-003;
2.486500000000000E+009;-1.641341596841812E-001;-6.318296492099762E-002;-2.527020173147321E-003;2.114482223987579E-003;
2.486666666666667E+009;-1.637219488620758E-001;-6.203105300664902E-002;-2.471956191584468E-003;2.232489641755819E-003;
2.486833333333334E+009;-1.634919792413712E-001;-6.057156622409821E-002;-2.252133097499609E-003;2.383474260568619E-003;
2.487000000000000E+009;-1.632217466831207E-001;-5.930142849683762E-002;-2.234153915196657E-003;2.415475202724338E-003;
2.487166666666667E+009;-1.629180908203125E-001;-5.791822448372841E-002;-2.207635436207056E-003;2.358087105676532E-003;
2.487333333333334E+009;-1.626074761152268E-001;-5.611344426870346E-002;-2.058399142697454E-003;2.395138377323747E-003;
2.487500000000000E+009;-1.621298491954804E-001;-5.433902144432068E-002;-2.092397538945079E-003;2.635595388710499E-003;
2.487666666666667E+009;-1.620907783508301E-001;-5.258952081203461E-002;-2.063083229586482E-003;2.737958217039704E-003;
2.487833333333334E+009;-1.619239151477814E-001;-5.086023360490799E-002;-1.791703165508807E-003;2.842100104317069E-003;
2.488000000000000E+009;-1.617168039083481E-001;-4.888890311121941E-002;-1.668073120526969E-003;2.942658262327313E-003;
2.488166666666667E+009;-1.616135388612747E-001;-4.664994403719902E-002;-1.563110155984759E-003;3.047141013666987E-003;
2.488333333333334E+009;-1.613685339689255E-001;-4.489068686962128E-002;-1.719890860840678E-003;2.916264114901424E-003;
2.488500000000000E+009;-1.614633053541184E-001;-4.276411607861519E-002;-1.338734407909215E-003;3.080676309764385E-003;
2.488666666666667E+009;-1.614970117807388E-001;-4.058562219142914E-002;-1.290025422349572E-003;3.025926649570465E-003;
2.488833333333334E+009;-1.616320759057999E-001;-3.848930820822716E-002;-1.193266012705863E-003;3.023656085133553E-003;
2.489000000000000E+009;-1.617274433374405E-001;-3.631590679287911E-002;-9.752089390531182E-004;3.050104947760701E-003;
2.489166666666667E+009;-1.618330478668213E-001;-3.418153524398804E-002;-8.141677244566381E-004;3.261022968217731E-003;
2.489333333333334E+009;-1.621397882699966E-001;-3.195792436599731E-002;-9.246263653039932E-004;3.324726130813360E-003;
2.489500000000000E+009;-1.625355333089829E-001;-2.973609790205956E-002;-5.989107885397971E-004;3.404226386919618E-003;
2.489666666666667E+009;-1.630062311887741E-001;-2.754454687237740E-002;-5.729337572120130E-004;3.243874292820692E-003;
2.489833333333334E+009;-1.635679006576538E-001;-2.542280033230782E-002;-5.893870838917792E-004;3.355738474056125E-003;
2.490000000000000E+009;-1.641142219305039E-001;-2.341756038367748E-002;-2.813881728798151E-004;3.277880838140845E-003;
2.490166666666667E+009;-1.645516306161881E-001;-2.131317928433418E-002;-2.389708533883095E-004;3.312494140118361E-003;
2.490333333333334E+009;-1.653272509574890E-001;-1.920440793037415E-002;-9.842799772741273E-005;3.310108557343483E-003;
2.490500000000000E+009;-1.658016294240952E-001;-1.715188100934029E-002;-1.003317302092910E-004;3.465972375124693E-003;
2.490666666666667E+009;-1.668229699134827E-001;-1.509827096015215E-002;1.191996052511968E-004;3.264842787757516E-003;
2.490833333333334E+009;-1.676332503557205E-001;-1.335890963673592E-002;2.494682848919183E-004;3.260558471083641E-003;
2.491000000000000E+009;-1.684263795614243E-001;-1.162495743483305E-002;5.120864952914417E-004;3.380564274266362E-003;
2.491166666666667E+009;-1.690962761640549E-001;-9.725172072649002E-003;4.161256365478039E-004;3.316835267469287E-003;
2.491333333333334E+009;-1.699214130640030E-001;-7.846841588616371E-003;5.562326987273991E-004;3.381695831194520E-003;
2.491500000000000E+009;-1.708632856607437E-001;-6.553309969604015E-003;7.787269423715770E-004;3.313622437417507E-003;
2.491666666666667E+009;-1.717961877584457E-001;-4.927688743919134E-003;8.056468795984983E-004;3.356358269229531E-003;
2.491833333333334E+009;-1.725923717021942E-001;-3.359216032549739E-003;9.433684754185379E-004;3.018322633579373E-003;
2.492000000000000E+009;-1.733433604240418E-001;-2.096296753734350E-003;1.056692213751376E-003;3.120433771982789E-003;
2.492166666666667E+009;-1.743779033422470E-001;-6.857638363726437E-004;1.135048689320684E-003;2.941720420494676E-003;
2.492333333333334E+009;-1.750890463590622E-001;3.333117056172341E-004;9.815465891733766E-004;2.909355331212282E-003;
2.492500000000000E+009;-1.758707910776138E-001;1.606516423635185E-003;1.315831090323627E-003;2.987706800922751E-003;
2.492666666666667E+009;-1.765570789575577E-001;2.752908505499363E-003;1.250516274012625E-003;2.656392753124237E-003;
2.492833333333334E+009;-1.770356744527817E-001;3.872803878039122E-003;1.363472314551473E-003;2.785246586427093E-003;
2.493000000000000E+009;-1.777839511632919E-001;4.710657056421042E-003;1.461264328099787E-003;2.839703112840653E-003;
2.493166666666667E+009;-1.782283931970596E-001;5.486440379172564E-003;1.730125397443771E-003;2.622510539367795E-003;
2.493333333333334E+009;-1.788460612297058E-001;5.888774525374174E-003;1.725425594486296E-003;2.587820868939161E-003;
2.493500000000000E+009;-1.788854002952576E-001;6.977878045290709E-003;1.863338635303080E-003;2.471849555149674E-003;
2.493666666666667E+009;-1.793950796127319E-001;7.726236712187529E-003;1.877228845842183E-003;2.523012924939394E-003;
2.493833333333334E+009;-1.797465234994888E-001;8.239389397203922E-003;1.792268245480955E-003;2.288487274199724E-003;
2.494000000000000E+009;-1.796961575746536E-001;8.972493931651115E-003;1.859781099483371E-003;2.211751416325569E-003;
2.494166666666667E+009;-1.797101199626923E-001;9.574425406754017E-003;1.997803570702672E-003;2.114464994519949E-003;
2.494333333333334E+009;-1.795652657747269E-001;1.011246256530285E-002;2.053822390735149E-003;1.922713476233184E-003;
2.494500000000000E+009;-1.794446706771851E-001;1.075950264930725E-002;1.972612692043185E-003;1.876254682429135E-003;
2.494666666666667E+009;-1.792004555463791E-001;1.148794032633305E-002;2.102494006976485E-003;1.805169275030494E-003;
2.494833333333334E+009;-1.788332760334015E-001;1.189491432160139E-002;2.027210080996156E-003;1.795974327251315E-003;
2.495000000000000E+009;-1.784366518259049E-001;1.270142849534750E-002;2.069948241114616E-003;1.809152774512768E-003;
2.495166666666667E+009;-1.778648495674133E-001;1.337908487766981E-002;2.126369625329971E-003;1.763927284628153E-003;
2.495333333333334E+009;-1.773939430713654E-001;1.409980840981007E-002;2.120138378813863E-003;1.597378868609667E-003;
2.495500000000000E+009;-1.766042113304138E-001;1.488149538636208E-002;2.100493526086211E-003;1.415699953213334E-003;
2.495666666666667E+009;-1.759913265705109E-001;1.566103287041187E-002;2.269739052280784E-003;1.473615877330303E-003;
2.495833333333334E+009;-1.749361008405685E-001;1.656257174909115E-002;2.094103721901774E-003;1.412796671502292E-003;
2.496000000000000E+009;-1.738931834697723E-001;1.735625974833965E-002;2.258047461509705E-003;1.322184805758297E-003;
2.496166666666667E+009;-1.730594635009766E-001;1.840993575751782E-002;2.214803593233228E-003;1.300015719607472E-003;
2.496333333333334E+009;-1.724074482917786E-001;1.949120126664639E-002;2.147768391296268E-003;1.070131547749043E-003;
2.496500000000000E+009;-1.710770577192307E-001;2.063241600990295E-002;2.346696564927697E-003;1.082499977201223E-003;
2.496666666666667E+009;-1.700982749462128E-001;2.173247747123241E-002;2.188918180763722E-003;1.057807938195765E-003;
2.496833333333334E+009;-1.689014583826065E-001;2.301476523280144E-002;2.210404491052032E-003;1.019199728034437E-003;
2.497000000000000E+009;-1.678900420665741E-001;2.456488646566868E-002;2.174768364056945E-003;9.171319543384016E-004;
2.497166666666667E+009;-1.666084378957748E-001;2.614419534802437E-002;2.099337289109826E-003;7.255236851051450E-004;
2.497333333333334E+009;-1.655632704496384E-001;2.760636806488037E-002;2.126823645085096E-003;7.458882755599916E-004;
2.497500000000000E+009;-1.644293516874313E-001;2.922410704195499E-002;2.158039482310414E-003;7.391786202788353E-004;
2.497666666666667E+009;-1.632197797298431E-001;3.094681166112423E-002;2.094116061925888E-003;7.319606957025826E-004;
2.497833333333334E+009;-1.621825993061066E-001;3.280996158719063E-002;2.067092573270202E-003;7.372029358521104E-004;
2.498000000000000E+009;-1.612696945667267E-001;3.465845063328743E-002;2.030545379966497E-003;7.224668515846133E-004;
2.498166666666667E+009;-1.600822806358337E-001;3.659586235880852E-002;2.103415085002780E-003;7.016110466793180E-004;
2.498333333333334E+009;-1.591119468212128E-001;3.863070160150528E-002;2.136490540578961E-003;4.871172423008829E-004;
2.498500000000000E+009;-1.582259237766266E-001;4.085721075534821E-002;2.027622424066067E-003;4.505344550125301E-004;
2.498666666666667E+009;-1.572191566228867E-001;4.285946488380432E-002;1.978304004296660E-003;4.333258839324117E-004;
2.498833333333334E+009;-1.564283072948456E-001;4.497205838561058E-002;2.027282491326332E-003;4.120337544009090E-004;
2.499000000000000E+009;-1.554879546165466E-001;4.727917909622192E-002;2.165388315916061E-003;4.136846400797367E-004;
2.499166666666667E+009;-1.549308598041534E-001;4.967664927244186E-002;2.208437304943800E-003;4.529143043328077E-004;
2.499333333333334E+009;-1.540675014257431E-001;5.193463340401650E-002;1.952264341525734E-003;2.894205972552300E-004;
2.499500000000000E+009;-1.536414772272110E-001;5.416699126362801E-002;2.139666117727757E-003;4.195186193101108E-004;
2.499666666666667E+009;-1.531775742769241E-001;5.660793185234070E-002;2.112633548676968E-003;4.343046748545021E-004;
2.499833333333334E+009;-1.529487520456314E-001;5.914532393217087E-002;2.128265099599958E-003;4.169146122876555E-004;
2.500000000000000E+009;-1.526016294956207E-001;6.130399182438850E-002;2.002884401008487E-003;3.555206058081240E-004;
